WindNinja-Server/Data/job/23becdaadf7c4ec2993497261e63d813/wncli/results/20171026T1800_ang.asc
ncols	108
nrows	170
xllcorner	726299.000000
yllcorner	5208948.000000
cellsize	29.150477
NODATA_value	-32768.000000
[rows 42 to 83 of 170, columns 0 to 93 of 108]
128 131 136 137 139 142 146 150 154 157 157 157 157 158 159 163 171 180 186 187 186 185 184 182 180 175 168 163 161 162 162 162 161 161 161 162 162 159 154 152 151 151 151 150 150 148 145 141 139 138 138 137 137 138 139 142 145 147 148 149 150 153 156 157 157 157 157 158 158 156 153 151 151 152 153 154 154 155 159 167 174 178 181 185 187 190 192 194 193 187 177 167 162 159
123 127 132 135 137 140 144 148 153 156 158 159 159 158 159 165 176 186 192 193 190 186 181 177 174 170 164 161 160 161 161 161 161 160 161 162 161 158 154 152 151 151 151 150 150 148 145 141 139 138 138 137 137 137 138 141 145 147 148 148 150 153 156 157 157 157 157 158 158 156 152 149 149 151 153 156 157 159 166 175 181 185 188 192 193 195 195 194 192 186 176 166 160 157
118 121 127 130 132 135 139 143 148 153 159 162 163 162 164 172 183 193 197 195 188 182 176 172 169 165 161 159 159 160 160 160 159 159 160 161 161 158 154 151 150 150 150 150 149 148 145 141 139 138 138 138 137 137 138 141 145 147 147 147 149 152 155 156 157 157 157 158 158 156 151 147 146 149 153 156 159 165 175 183 188 190 191 193 193 192 191 190 189 184 174 164 159 156
115 117 121 125 127 129 131 135 140 148 157 163 164 166 171 181 192 198 198 192 183 176 170 167 164 161 158 157 158 159 159 158 158 158 159 160 160 157 153 151 150 150 150 149 149 148 144 141 139 139 139 138 137 137 138 141 145 147 146 146 147 150 153 155 155 156 157 158 158 156 151 146 146 149 154 158 162 170 181 189 192 193 194 193 191 189 188 187 186 182 173 163 157 154
113 113 115 119 122 124 126 130 136 145 154 160 163 169 179 191 199 200 194 184 174 168 164 162 160 157 155 155 156 157 157 156 156 157 157 159 159 156 153 150 150 150 149 149 149 147 144 141 139 139 139 139 138 137 138 141 145 146 145 144 146 149 151 152 153 154 155 156 156 154 150 146 148 153 158 162 166 174 183 191 196 197 197 194 190 187 186 185 185 181 172 161 155 153
107 104 106 112 118 122 124 127 133 142 151 156 161 172 187 198 202 196 186 175 167 162 159 157 155 153 152 153 154 154 154 154 154 155 156 157 157 155 152 150 149 150 149 149 148 147 144 141 139 140 140 140 139 138 138 141 143 144 142 142 144 147 149 149 149 150 151 151 152 151 147 145 150 157 161 164 168 175 184 193 200 202 199 195 189 187 185 184 184 180 170 159 153 151
101 100 101 107 114 119 122 125 130 139 147 152 161 176 193 201 198 186 174 166 160 157 155 154 152 151 150 151 151 151 150 151 152 153 154 156 156 154 151 149 149 149 149 149 148 146 144 141 140 140 141 141 140 139 139 140 141 140 140 140 142 145 147 147 147 146 145 146 148 147 145 145 150 157 162 165 170 176 185 196 203 204 200 194 189 186 184 183 182 178 168 157 152 149
105 103 101 105 112 116 119 123 128 136 144 151 163 180 193 194 185 173 164 159 156 154 153 152 151 150 150 151 150 149 148 149 150 152 153 154 154 152 150 148 148 148 148 147 146 145 143 140 139 140 141 142 141 140 140 141 140 139 139 140 143 146 149 151 150 149 148 149 152 152 151 152 156 160 164 168 173 179 186 194 200 200 196 192 187 185 183 181 180 176 167 156 151 148
108 106 102 103 108 112 116 120 125 132 141 149 164 179 185 181 173 164 158 155 154 153 152 152 151 151 151 152 151 149 147 148 149 151 152 153 153 151 148 146 146 147 146 146 144 142 140 138 137 138 139 140 141 142 143 144 143 142 142 143 145 149 154 158 159 158 157 158 161 162 161 162 164 167 169 173 177 181 186 191 195 195 192 188 185 182 181 179 178 175 167 157 151 148
113 109 104 103 106 110 114 119 122 127 135 145 160 172 172 168 163 158 154 153 152 152 151 151 151 151 151 152 151 148 146 147 148 150 151 152 152 150 148 146 145 146 145 145 143 141 139 137 136 136 137 139 141 144 146 147 147 146 146 146 148 152 159 163 163 162 162 164 166 167 167 167 169 171 173 176 179 183 187 191 194 193 190 186 183 181 179 178 178 175 167 158 151 148
118 115 111 110 113 117 122 128 130 132 137 146 157 163 161 157 155 152 149 148 148 148 148 148 148 148 149 150 149 146 145 145 147 149 150 151 152 150 148 146 146 146 146 146 144 143 141 139 138 138 139 140 142 146 148 149 148 147 148 148 150 155 161 164 164 163 163 165 168 168 169 170 172 174 176 179 183 186 190 194 196 194 189 184 181 179 177 176 177 175 168 159 153 150
122 122 122 125 128 132 138 144 145 144 144 148 156 158 153 149 146 145 143 143 143 143 143 143 144 144 146 147 145 143 142 143 146 148 150 151 152 151 149 147 147 148 148 148 147 147 146 145 144 144 144 144 145 148 150 149 147 147 148 149 150 156 162 164 162 161 161 164 167 169 170 172 174 177 180 184 188 192 196 199 200 195 188 181 178 176 175 175 176 174 168 160 155 152
126 127 131 136 140 145 152 158 158 154 150 150 154 154 148 142 139 138 138 138 138 138 138 138 139 141 142 143 142 140 140 141 144 147 149 150 151 151 149 148 148 148 148 149 149 149 149 149 149 149 149 149 150 151 151 148 146 147 148 149 151 157 163 164 161 158 159 163 167 169 172 175 178 182 186 191 195 199 202 203 202 195 184 175 172 172 173 175 175 174 168 161 157 153
124 127 133 139 145 152 161 169 168 161 153 151 155 154 147 140 137 136 136 136 136 135 136 137 138 139 141 142 141 139 138 140 143 145 147 149 150 150 149 148 148 147 147 147 147 148 149 149 149 150 150 151 152 152 151 148 146 146 147 149 152 158 164 164 160 157 158 162 167 171 174 179 183 188 193 198 202 204 204 203 200 190 177 168 166 169 172 174 174 172 166 160 156 153
122 124 129 137 145 155 168 176 173 162 153 152 155 154 147 140 137 136 136 136 136 135 136 137 138 139 140 141 140 138 137 139 142 144 145 147 148 148 148 147 147 146 144 144 144 145 145 145 145 146 147 148 150 150 149 146 144 145 147 149 153 160 166 166 161 158 159 164 170 174 179 185 190 196 201 204 205 204 202 199 194 184 172 164 163 166 170 172 173 170 165 159 156 153
127 127 130 137 147 160 174 180 171 158 151 151 155 154 147 140 137 136 137 136 136 135 136 137 138 139 140 140 139 137 137 138 141 143 144 144 145 146 146 146 146 145 143 143 143 143 142 141 141 142 143 144 146 147 146 144 143 144 146 149 155 162 167 167 162 159 160 166 173 178 185 193 200 205 207 206 204 201 198 194 188 179 168 161 162 166 169 170 170 168 163 158 154 152
129 131 136 143 155 169 180 179 167 155 150 152 156 154 147 140 137 137 137 137 135 134 135 136 137 138 138 139 138 137 136 138 140 142 142 142 141 142 142 143 143 142 141 142 143 144 143 142 142 143 143 144 145 145 144 142 141 142 145 149 155 163 168 166 162 159 162 169 177 184 191 201 207 208 206 201 197 194 191 188 183 175 165 161 162 167 168 168 168 166 161 156 152 150
134 135 142 152 164 174 180 176 165 156 152 154 157 155 148 140 137 137 138 137 135 133 133 134 135 136 137 137 137 136 136 138 140 141 141 140 139 139 139 140 139 138 137 139 142 144 144 144 145 145 145 145 145 144 143 141 140 141 144 149 155 162 166 165 160 159 164 173 182 189 198 206 210 206 200 193 190 188 187 184 179 172 163 160 163 167 168 167 167 165 160 154 150 148
149 148 152 162 171 176 175 170 163 156 154 156 158 156 148 140 137 138 138 137 134 132 132 133 133 134 135 135 136 136 136 138 139 140 140 139 138 137 138 139 138 136 136 138 141 143 144 145 146 147 146 146 145 143 142 140 139 140 144 149 155 161 163 162 159 160 166 177 187 195 202 209 209 202 191 185 183 184 184 181 176 168 161 159 162 166 167 166 165 163 158 153 149 147
167 167 169 174 177 176 172 166 160 156 155 157 159 155 148 141 138 138 138 137 134 132 132 132 132 133 133 134 135 135 136 137 137 138 138 137 136 137 140 142 140 138 137 138 140 141 143 145 147 148 147 146 145 143 141 139 138 140 144 150 156 160 161 159 158 161 170 182 192 199 204 208 205 195 183 178 179 181 182 179 173 165 159 157 161 165 166 164 163 161 157 151 148 146
181 181 181 181 181 178 172 165 160 157 156 157 158 155 147 141 138 138 138 136 134 133 131 131 131 131 132 133 134 136 137 137 136 135 134 134 134 136 141 144 143 140 139 139 140 141 143 146 148 148 147 146 144 143 141 139 138 140 145 151 156 159 160 159 159 164 174 186 196 201 204 205 200 189 177 174 176 179 179 175 169 162 156 155 158 163 164 162 161 159 155 151 148 146
193 191 188 186 183 179 173 166 161 159 157 158 157 154 147 141 138 138 138 136 135 133 132 130 129 130 131 132 134 136 137 137 135 132 132 132 133 136 141 144 143 141 139 139 139 140 142 146 148 148 146 145 143 141 140 139 138 140 145 150 155 157 158 159 161 168 178 189 198 202 204 203 196 184 174 172 175 178 176 171 165 160 154 153 156 161 162 161 159 157 153 150 148 146
201 197 192 188 185 180 174 168 164 162 160 159 157 154 148 142 139 139 139 137 136 135 133 131 129 130 131 132 134 137 138 137 133 130 130 132 134 136 140 143 143 140 138 138 138 138 141 145 147 147 144 143 141 139 138 137 137 139 145 150 153 154 156 159 163 171 181 191 199 203 203 201 193 181 172 172 176 177 173 168 162 157 152 151 154 159 160 159 157 154 151 148 147 145
203 200 194 189 186 182 176 170 167 165 163 160 158 155 149 143 141 140 140 139 137 136 135 133 132 132 133 133 135 137 138 136 131 128 128 131 134 136 139 141 140 137 136 135 135 136 139 143 146 144 142 139 137 135 133 133 134 137 143 149 151 152 154 158 164 173 182 192 200 202 201 198 191 180 171 171 175 176 172 165 160 155 150 148 152 157 158 157 154 151 149 147 146 144
203 201 195 190 187 182 177 171 168 167 164 162 159 156 150 144 142 141 141 139 138 137 135 134 133 133 134 134 136 138 139 136 130 127 127 131 134 135 138 141 139 137 135 135 135 136 139 144 146 145 141 139 136 133 132 132 133 137 143 148 151 152 154 158 165 173 182 191 198 200 198 195 189 179 171 170 174 175 171 165 159 154 149 147 150 155 156 155 153 151 149 148 147 144
204 201 195 191 187 183 177 172 169 168 165 163 160 156 150 145 142 141 141 139 137 136 134 132 131 132 133 134 136 139 141 137 131 128 129 134 137 139 143 146 145 142 141 141 141 143 146 150 152 151 147 145 142 139 138 138 139 142 147 151 154 156 158 162 168 175 182 189 195 196 195 193 187 178 170 170 174 175 171 165 160 155 150 149 151 155 156 154 153 151 151 150 148 144
202 200 195 191 187 183 177 172 169 168 166 163 160 156 150 145 142 141 141 139 137 134 132 130 129 129 131 132 136 141 143 140 134 131 132 138 142 145 149 151 150 149 148 148 149 150 153 157 159 157 154 151 149 146 145 146 147 149 152 156 158 160 163 167 172 177 182 188 193 194 193 191 186 177 170 170 173 174 170 164 160 156 152 151 153 156 157 155 154 153 152 152 150 145
201 199 195 191 187 182 176 171 168 167 166 163 160 155 150 145 143 142 141 139 136 133 131 129 127 128 130 132 136 142 145 142 135 132 134 140 145 148 151 153 152 151 151 152 152 154 157 160 161 159 156 154 152 150 150 150 151 154 157 160 162 164 167 170 175 179 183 188 193 194 192 190 185 176 169 169 172 173 169 163 158 154 151 151 153 156 157 156 155 154 153 152 150 145
201 200 197 193 188 182 175 169 165 164 163 161 157 153 149 145 143 142 140 138 135 132 130 128 127 128 130 133 136 142 145 141 135 131 133 140 145 147 150 151 150 149 150 150 151 153 156 160 161 159 156 153 151 150 150 151 153 155 159 162 164 166 169 172 177 181 185 190 194 195 193 190 184 174 167 167 171 171 167 160 154 151 148 148 151 155 157 156 155 154 153 152 149 144
204 203 201 197 191 182 173 166 161 160 158 156 153 151 148 145 143 142 140 138 135 132 130 128 128 129 132 134 137 142 144 140 133 130 131 138 143 144 145 146 145 145 146 147 148 150 153 157 159 157 154 151 150 149 149 150 152 155 159 162 165 168 170 174 178 183 187 192 196 197 195 190 183 172 165 165 169 169 165 157 152 148 146 146 149 153 155 156 155 154 153 152 149 143
209 209 206 202 194 184 174 165 160 157 155 153 150 148 147 145 144 142 140 138 135 132 130 128 128 129 132 135 138 142 144 139 132 128 130 136 140 141 141 141 141 142 143 144 145 147 151 155 157 155 152 150 149 149 149 150 151 154 158 163 167 169 172 176 180 185 189 194 198 199 196 190 181 170 163 164 167 168 163 155 150 147 146 146 149 153 155 155 155 154 154 153 149 143
214 212 208 203 195 185 176 168 163 160 156 152 149 147 146 144 143 141 139 137 134 132 130 128 127 129 133 136 138 141 142 138 131 127 129 136 140 139 139 139 139 140 141 142 142 144 147 152 154 153 150 149 149 149 149 150 150 153 157 163 167 171 173 177 182 187 192 196 200 199 195 189 180 168 161 162 166 166 161 153 148 147 146 147 149 153 155 156 155 154 154 153 149 143
217 214 208 201 192 184 176 169 165 162 158 153 150 147 145 144 142 140 138 136 134 132 130 128 127 129 134 137 138 140 140 135 129 127 129 135 139 138 137 136 137 139 140 139 138 139 142 148 151 151 149 148 148 149 150 150 150 152 157 163 168 171 174 179 184 190 194 197 200 199 194 187 177 166 159 160 164 164 159 152 148 147 147 148 151 155 157 157 156 155 154 153 149 142
220 216 206 196 188 181 174 169 165 162 158 155 151 148 146 145 143 140 137 135 134 132 130 128 127 129 134 138 138 138 137 133 129 127 129 135 138 137 135 134 135 138 139 137 134 135 138 144 148 149 147 147 148 149 150 150 149 151 156 163 168 172 176 181 187 192 195 198 200 198 192 185 175 164 157 159 162 162 158 151 147 147 148 150 154 158 160 160 158 156 155 153 148 140
223 216 202 192 184 178 172 167 164 161 158 156 153 150 148 147 145 141 138 136 134 132 130 128 127 129 135 139 139 138 137 133 130 128 130 136 139 137 134 134 136 139 141 138 134 133 137 143 147 147 147 147 149 150 150 149 148 151 157 163 168 172 178 184 190 194 197 199 201 198 191 182 171 161 155 156 160 160 156 150 147 147 149 152 156 161 163 162 160 157 156 154 149 141
219 211 198 188 181 176 170 165 163 161 159 156 154 152 150 149 146 142 138 136 134 133 130 128 127 129 136 141 141 139 137 134 131 129 131 136 139 137 134 134 136 141 142 138 133 132 136 141 145 146 146 148 149 150 151 150 148 150 156 163 168 174 181 188 194 198 200 203 203 198 188 178 167 158 153 155 158 159 155 149 147 147 150 154 159 164 166 164 161 158 156 155 150 141
213 206 194 185 179 173 168 164 162 161 159 157 155 153 152 150 147 143 139 136 135 133 131 128 127 129 136 141 141 140 138 135 132 131 133 137 140 138 135 134 137 143 144 139 133 132 135 141 144 145 146 149 150 151 151 150 148 150 156 162 167 174 184 194 200 204 206 207 205 197 184 173 163 155 151 153 156 157 153 149 147 149 152 157 162 167 168 165 160 157 156 154 150 141
208 200 189 182 176 171 166 163 161 160 158 156 154 153 152 151 148 144 139 137 135 134 131 128 127 130 137 142 141 139 138 136 134 132 135 139 142 139 136 136 140 146 147 141 134 133 136 141 143 144 147 150 151 152 152 151 149 151 156 161 166 175 189 201 208 212 212 210 205 193 179 167 159 152 149 151 155 155 152 149 148 150 154 159 164 168 168 164 160 157 156 155 150 141
198 193 184 178 173 168 164 162 161 160 158 156 154 153 152 151 148 144 140 137 135 134 132 129 128 130 137 142 141 140 138 137 135 134 137 141 144 141 138 138 142 148 150 144 136 134 137 141 143 144 147 150 151 152 153 152 151 153 158 162 166 177 193 207 215 218 215 210 201 187 173 162 156 151 148 150 154 154 152 149 149 151 155 159 162 165 164 161 159 158 157 155 150 141
189 186 179 174 170 165 162 161 160 159 157 155 154 152 152 150 148 144 140 137 136 134 132 130 129 131 138 142 142 141 140 139 137 136 138 143 145 143 140 140 144 151 152 146 138 136 138 142 143 144 147 149 149 150 151 151 151 155 160 164 170 182 198 209 215 217 212 204 194 180 167 157 152 149 147 150 153 155 154 152 152 153 156 158 160 160 159 157 157 157 157 155 149 140
181 179 174 170 166 162 160 159 159 157 155 154 152 151 151 150 147 143 140 137 136 134 133 131 130 133 139 144 144 143 143 142 140 139 141 144 146 144 141 141 146 153 155 149 141 138 140 143 145 146 148 148 147 146 147 147 148 153 160 165 174 187 200 206 210 210 205 197 188 175 162 152 148 146 145 148 152 155 155 155 155 156 157 158 159 158 156 154 155 156 155 153 148 140
174 173 170 167 164 161 159 158 157 155 153 152 151 150 150 149 147 143 139 137 135 134 133 132 131 135 141 146 147 147 147 145 144 142 143 146 146 144 142 143 149 155 157 151 144 140 142 146 147 148 149 148 145 143 142 141 143 148 155 162 174 188 199 203 204 204 199 191 182 171 159 149 145 143 143 146 151 155 156 156 156 156 157 157 157 156 154 153 154 154 153 151 147 140
