WindNinja-Server/data/job/23becdaadf7c4ec2993497261e63d813/wncli/results/20171026T1700_ang.asc
ncols	108
nrows	170
xllcorner	726299.000000
yllcorner	5208948.000000
cellsize	29.150477
NODATA_value	-32768.000000
[rows 84 to 125 of 170, columns 0 to 93 of 108]
167 168 167 165 162 159 158 156 154 152 150 149 148 148 147 146 144 141 137 134 133 131 131 130 130 133 139 145 146 146 146 145 143 142 143 144 144 142 142 144 149 156 158 152 144 141 143 147 149 150 151 150 147 145 144 144 147 152 156 162 175 189 198 201 201 200 195 187 180 171 160 150 147 146 147 150 155 158 158 157 157 157 156 156 156 155 153 153 154 154 152 149 145 139
163 164 164 162 160 159 157 156 153 150 148 147 146 146 146 145 143 139 136 133 131 130 129 128 128 131 137 142 144 144 144 143 142 141 141 142 142 142 143 145 151 157 159 153 145 142 144 148 151 152 154 153 152 152 153 154 156 160 162 166 176 188 196 198 197 195 189 183 176 169 161 154 153 154 155 158 162 164 163 161 160 158 156 155 155 154 153 154 155 155 152 149 145 140
163 163 162 160 159 157 157 155 152 148 146 145 145 145 144 144 142 138 135 132 130 128 127 126 126 128 134 138 140 140 140 140 139 139 140 140 141 142 144 147 152 158 160 154 145 142 145 150 153 154 155 155 155 156 158 159 161 164 166 170 179 189 195 196 194 191 185 178 173 167 161 157 157 159 161 164 167 169 167 164 161 159 157 155 154 154 154 155 156 155 152 149 145 140
163 162 161 159 157 157 156 155 151 148 146 145 145 145 145 144 142 139 135 132 130 128 127 126 126 128 133 137 139 139 140 140 139 140 140 140 140 142 145 148 152 158 159 153 144 141 144 151 155 156 156 154 154 157 159 160 162 165 168 173 183 192 197 196 193 188 181 175 169 164 159 156 158 161 163 167 170 172 169 166 163 160 158 156 155 155 155 156 157 156 153 150 146 141
163 162 160 158 157 156 156 155 152 149 147 146 146 146 146 145 144 140 136 133 131 129 128 128 128 130 135 139 141 142 142 142 143 143 143 142 141 143 145 147 151 156 157 150 141 137 141 150 155 157 155 154 154 156 158 159 161 164 169 176 186 194 198 195 190 185 178 172 166 162 158 155 157 160 163 167 170 171 168 165 163 161 159 157 156 155 156 157 158 157 154 151 147 142
161 161 159 157 156 155 155 154 152 148 147 146 146 146 146 146 144 141 137 134 132 130 129 129 130 132 137 141 143 143 144 144 145 146 146 144 142 143 145 146 148 153 154 146 136 132 137 147 153 154 153 153 155 157 158 159 161 164 170 180 189 196 197 193 187 181 175 170 166 162 159 157 157 159 162 164 166 167 165 163 162 161 159 157 156 156 156 157 158 157 154 151 148 143
159 159 158 156 155 154 154 153 151 147 146 145 145 146 146 145 144 140 136 133 131 130 129 129 129 131 136 140 141 141 141 142 143 143 143 140 138 138 140 141 144 149 150 141 131 128 133 142 148 149 149 150 153 157 158 159 161 165 173 183 191 195 194 189 182 177 173 170 167 165 163 161 161 161 162 163 163 163 161 160 161 160 158 156 155 155 155 156 157 156 153 150 147 144
157 157 156 155 154 153 153 152 149 146 144 144 144 144 144 144 142 138 134 132 129 128 127 126 126 127 131 134 135 135 135 134 134 133 130 126 124 126 129 132 137 144 144 135 125 123 127 136 141 141 141 144 149 154 157 159 162 166 174 184 190 192 190 185 179 175 172 170 170 168 166 164 163 163 163 163 162 161 159 159 159 158 156 154 154 154 155 155 155 154 151 149 147 144
155 155 155 154 153 152 152 151 148 145 143 142 143 143 143 143 141 137 133 130 128 126 124 124 123 123 125 127 128 128 127 124 121 118 115 112 111 114 119 123 129 136 137 128 119 118 122 130 134 133 134 138 144 151 156 158 162 166 174 184 189 188 186 182 178 175 173 173 173 171 167 165 163 163 163 162 162 161 159 159 159 157 154 152 153 153 153 154 154 153 150 147 145 143
152 153 153 152 152 151 151 150 148 144 142 142 142 142 142 142 140 137 132 129 127 124 123 122 120 119 120 121 122 123 121 117 113 111 109 109 110 113 117 121 125 132 133 124 118 117 122 130 133 133 133 137 143 151 156 158 161 166 174 182 186 185 183 180 178 176 175 175 176 173 169 166 164 164 163 163 162 161 161 160 159 156 153 151 151 152 152 152 153 152 148 145 142 140
150 151 151 151 150 150 151 150 147 144 142 141 142 142 142 142 140 137 132 129 126 123 121 119 117 115 115 116 117 118 115 110 108 108 108 109 111 115 118 120 123 128 128 121 117 118 125 132 136 136 136 139 145 152 156 157 159 164 171 180 183 183 181 179 178 176 176 176 176 174 170 167 165 165 164 164 163 163 163 162 160 157 152 150 150 150 150 151 152 151 147 142 139 137
148 149 150 150 150 150 150 149 146 143 141 141 142 142 142 141 140 137 133 129 126 123 119 117 114 112 112 112 113 113 109 106 105 106 108 110 113 117 120 121 121 124 123 119 117 120 128 135 139 139 139 141 147 154 158 157 156 159 167 177 181 181 180 179 177 176 175 174 174 172 169 166 165 165 164 164 164 164 163 163 161 157 152 150 149 148 148 149 150 149 145 140 137 135
145 147 149 149 149 149 149 148 146 142 141 141 142 142 141 140 139 136 132 129 126 122 119 116 115 114 113 114 115 115 114 111 110 111 113 115 118 123 127 128 129 130 129 125 124 127 133 139 143 143 142 145 151 159 163 160 157 158 165 175 180 181 180 178 177 175 173 173 173 170 167 164 164 164 164 164 164 164 163 163 161 157 152 149 147 147 146 147 147 146 142 138 135 134
143 145 147 148 149 149 149 148 145 141 140 140 142 142 141 140 138 135 131 128 125 122 120 119 118 117 117 117 119 121 122 120 119 119 120 122 124 129 135 139 141 141 140 136 133 135 139 145 147 147 146 149 156 164 167 164 159 159 166 175 180 180 179 177 176 174 172 171 171 168 165 163 163 164 164 164 164 163 163 162 161 156 151 148 146 145 144 145 145 143 139 135 133 133
141 143 146 147 149 149 149 147 144 140 139 140 141 141 141 139 137 134 131 128 125 123 122 121 121 121 120 121 123 126 128 127 126 126 126 127 129 135 142 147 148 148 147 143 141 141 145 149 151 150 150 153 160 167 169 165 161 161 168 177 180 178 176 175 174 172 170 169 168 165 163 162 163 164 164 163 163 163 163 162 160 156 151 147 145 144 143 144 144 141 138 134 133 133
139 141 144 146 148 149 148 146 142 139 138 138 139 139 139 138 136 134 132 129 127 125 124 123 123 123 123 124 126 130 132 132 131 131 131 131 133 139 146 151 151 150 149 146 144 144 148 152 153 152 152 155 162 168 169 164 160 162 170 178 179 177 174 173 171 169 168 167 164 161 159 159 161 162 162 162 162 161 161 161 159 154 149 145 144 143 143 144 145 143 140 138 137 136
137 139 142 145 148 148 147 144 141 138 136 136 137 137 136 136 135 134 132 130 129 127 126 125 125 126 126 128 131 135 137 137 136 136 135 135 136 142 149 153 153 151 150 147 145 146 149 153 154 153 153 156 163 168 169 163 159 162 171 178 179 176 173 171 169 167 166 164 161 158 156 157 158 159 159 159 159 159 159 158 157 152 147 144 143 143 143 145 146 145 143 142 141 141
137 138 141 145 148 147 145 143 141 138 136 135 136 135 135 135 135 134 133 132 130 129 128 127 127 128 129 131 134 138 141 141 141 140 139 139 140 145 152 156 155 153 151 149 146 147 151 154 155 154 154 157 163 168 168 163 159 162 171 179 179 176 172 170 168 166 165 163 161 158 158 158 157 157 157 157 157 157 156 156 155 150 145 142 142 142 143 145 146 146 144 143 143 143
136 138 141 146 148 147 145 142 140 138 136 136 137 137 137 137 137 136 135 134 133 131 131 130 130 130 131 132 135 138 141 142 141 141 140 140 141 147 154 157 156 154 152 149 147 147 151 154 155 154 154 157 163 168 168 162 159 162 171 179 179 175 172 170 168 166 165 164 163 162 163 162 160 158 158 157 156 156 155 155 154 149 144 141 141 141 142 143 144 144 143 142 142 142
135 137 141 146 149 147 144 142 140 138 137 138 139 140 140 140 139 138 138 137 136 134 133 133 132 132 132 132 134 138 140 141 141 140 140 140 141 147 155 158 156 154 152 150 148 148 150 152 152 152 153 157 163 169 168 162 158 161 170 177 177 173 171 169 168 167 166 166 166 167 168 167 164 161 159 157 156 155 154 154 152 148 142 140 140 141 141 142 143 142 141 140 140 140
136 137 141 146 149 147 144 142 140 138 138 139 140 141 141 141 140 140 139 139 137 136 135 135 134 133 133 133 135 138 140 141 141 140 140 140 141 148 155 158 157 154 153 151 149 149 150 150 149 150 153 158 164 169 168 161 157 160 168 174 173 169 168 167 166 166 166 166 168 170 171 171 169 165 161 157 155 154 154 154 152 147 142 139 139 140 140 141 141 141 140 139 139 139
135 137 142 146 149 147 144 142 140 139 138 138 139 140 140 140 140 140 140 139 137 136 135 135 134 134 133 133 135 139 141 142 142 141 141 140 142 148 156 158 157 154 153 151 150 150 151 150 149 150 153 158 164 168 167 160 156 159 166 171 168 165 164 164 164 163 164 166 168 171 174 174 173 168 163 159 157 156 155 155 153 148 142 139 139 139 140 140 140 140 139 138 138 139
135 137 142 146 149 148 144 142 141 139 138 138 139 139 139 140 140 140 140 139 137 136 135 135 135 135 134 134 136 140 143 144 143 143 142 141 142 148 155 158 156 154 152 151 150 151 152 151 150 152 155 159 164 167 166 159 154 156 163 167 165 162 161 162 162 162 164 167 170 172 174 175 172 168 164 161 159 158 157 156 154 149 143 140 139 139 139 139 139 139 139 138 138 139
134 137 141 146 149 147 144 142 141 139 138 138 139 139 139 139 139 139 140 139 137 136 135 135 135 135 135 134 137 141 144 146 145 145 144 142 142 148 155 158 157 154 153 151 151 152 152 151 152 154 157 160 163 167 165 157 152 154 160 163 162 160 160 161 161 163 167 170 173 173 173 172 169 165 162 160 159 158 157 156 154 148 143 139 138 138 138 138 138 138 137 137 137 138
133 136 141 145 148 147 144 142 140 139 138 138 138 138 139 139 139 139 139 139 137 136 135 135 135 135 135 134 137 141 145 147 147 146 145 144 144 149 156 160 158 156 155 154 154 154 153 153 154 157 160 162 164 167 165 158 153 154 159 162 161 160 161 161 162 166 170 173 174 173 172 170 166 162 159 158 157 156 156 155 153 147 141 138 137 136 136 136 135 135 134 134 135 136
131 134 140 145 147 146 143 141 140 139 138 138 138 138 138 138 139 139 139 139 137 136 135 135 135 135 135 135 137 142 146 148 148 148 147 146 146 151 158 161 160 158 158 157 157 157 156 155 156 159 162 163 165 168 166 159 154 155 159 162 162 162 162 162 164 168 172 173 173 172 170 168 164 160 157 156 156 155 154 154 152 146 140 136 134 134 133 133 132 132 131 131 132 134
132 134 139 144 147 145 142 140 139 138 138 137 137 137 137 138 138 138 139 138 137 135 135 135 135 135 134 134 137 143 147 150 150 150 149 148 148 152 159 162 161 160 160 160 160 160 159 158 159 162 164 165 166 168 167 160 155 155 159 162 163 164 164 164 166 170 172 172 171 170 169 166 162 158 155 155 154 153 153 153 150 144 138 134 132 131 131 130 130 129 129 128 130 132
131 134 139 143 146 144 141 139 138 138 137 137 136 136 137 137 138 138 138 137 136 135 134 134 134 134 134 134 137 143 148 151 151 151 151 149 149 154 160 162 161 160 161 162 163 164 164 163 163 165 167 167 168 170 168 161 156 156 160 163 165 165 166 165 167 171 171 170 169 168 167 164 160 156 153 152 152 151 150 150 148 142 135 131 130 129 129 128 127 127 126 126 128 131
130 133 138 143 146 144 140 138 137 137 136 136 135 135 136 137 137 137 137 137 135 134 133 133 133 133 133 133 136 143 149 151 152 152 152 151 151 156 160 162 161 161 162 164 166 168 169 169 169 171 171 171 171 172 170 163 157 157 161 164 166 166 166 166 169 172 171 170 169 167 166 163 159 154 151 150 149 148 148 147 145 139 133 129 127 127 126 126 125 125 125 125 126 130
131 133 138 142 145 143 140 137 137 137 137 136 135 134 135 136 136 137 137 136 135 133 133 132 132 132 132 133 136 142 148 151 151 152 152 152 153 157 161 161 160 161 162 165 168 171 172 173 175 176 176 176 175 175 171 164 159 159 162 166 167 167 167 167 169 173 172 170 169 168 167 164 159 154 150 149 148 146 146 146 143 137 130 127 125 125 124 124 124 124 123 123 125 129
131 133 138 142 145 143 139 137 137 138 138 136 134 134 134 135 136 136 136 135 134 132 132 131 130 131 131 132 135 141 147 150 150 150 151 152 153 157 160 160 160 160 162 164 168 171 174 176 178 179 179 178 177 176 171 164 159 159 164 167 168 168 167 168 171 174 174 172 171 170 168 165 160 154 150 147 146 145 145 145 142 136 130 126 125 124 123 123 123 123 122 122 124 129
130 132 137 142 144 142 139 137 137 138 138 136 134 133 134 134 135 135 135 134 133 131 131 130 129 129 129 130 133 139 145 147 148 148 150 151 153 157 159 160 160 161 163 165 167 170 172 174 177 179 179 178 177 175 169 162 158 159 165 168 169 169 169 169 172 176 175 174 174 173 171 167 160 154 149 146 145 144 144 144 141 135 129 126 124 123 123 123 122 122 121 121 123 129
132 133 137 142 144 142 138 136 136 137 137 136 133 132 133 134 134 134 134 133 132 130 129 128 128 128 128 129 132 138 143 145 146 147 148 149 151 155 158 159 161 163 166 168 170 170 170 171 174 175 177 177 177 173 168 161 158 160 166 169 170 170 170 171 175 178 177 176 178 177 174 169 162 155 149 146 145 144 143 143 141 135 129 126 124 123 123 123 122 122 122 122 124 130
132 134 138 142 144 141 137 135 135 137 137 135 132 132 132 133 134 134 133 132 131 129 128 127 126 126 126 127 130 135 141 143 143 145 146 147 149 152 154 156 160 165 169 172 174 173 172 172 173 174 176 177 177 174 169 163 161 163 167 171 172 172 172 173 177 180 179 179 181 181 177 172 164 157 152 148 146 145 144 144 142 137 131 127 126 124 123 123 123 123 123 124 127 134
133 135 139 142 144 141 137 135 135 136 136 134 131 131 132 134 134 134 133 131 130 128 127 126 125 125 125 126 128 133 137 140 141 143 145 146 147 149 151 153 158 165 171 174 175 174 173 172 173 175 177 178 178 175 172 167 165 167 170 173 174 173 173 174 178 182 182 182 184 183 178 173 167 160 153 150 147 146 144 144 142 137 132 129 127 125 124 124 124 125 125 126 130 138
134 136 140 143 144 141 137 135 135 137 137 134 132 131 133 135 135 135 134 132 131 129 128 128 127 127 127 128 129 133 136 138 140 143 144 145 145 147 148 150 156 164 170 173 174 173 172 172 173 175 177 179 179 177 174 172 170 171 174 176 177 176 174 175 179 183 184 185 187 183 179 174 168 161 154 150 148 146 144 143 141 137 132 129 127 125 124 124 125 125 126 127 132 140
136 137 141 144 145 143 139 137 137 139 139 136 133 132 134 136 137 137 136 135 134 133 133 133 133 133 134 134 135 137 138 139 141 143 144 144 144 145 145 147 153 161 167 169 170 170 170 171 172 174 177 179 179 178 176 174 173 174 177 179 179 178 176 176 180 185 187 188 188 184 179 175 169 161 155 151 148 146 143 141 139 135 131 128 125 124 123 124 125 125 126 128 133 141
138 139 142 145 146 143 140 138 138 140 140 137 134 133 135 138 139 138 137 137 136 136 136 137 138 139 140 141 141 141 141 141 142 144 144 143 142 142 142 144 150 157 163 164 165 165 166 168 170 173 176 178 179 178 177 176 175 176 179 181 181 179 177 178 182 187 189 190 190 186 181 176 169 161 154 150 148 145 142 139 136 133 130 127 125 123 122 123 124 125 126 128 133 142
138 140 142 144 145 143 140 138 138 140 140 137 134 133 135 138 140 139 138 137 137 136 137 138 140 142 143 143 143 142 141 141 142 145 144 142 141 141 140 141 146 154 159 160 160 161 162 165 168 172 175 177 178 177 177 176 176 178 182 184 183 181 179 180 184 190 191 192 191 187 182 177 169 159 152 149 147 144 141 138 135 132 129 127 125 122 122 123 124 125 126 127 132 142
139 140 141 143 144 142 139 137 138 139 139 136 133 132 134 138 140 139 138 137 136 136 136 137 139 140 141 141 141 140 139 139 142 144 143 141 140 139 138 139 144 151 155 155 155 156 158 160 164 169 173 176 176 176 176 176 176 179 183 185 185 182 181 182 187 192 193 194 194 189 184 178 168 158 150 147 144 142 139 136 133 132 130 127 124 122 121 122 123 124 125 126 131 141
140 140 141 142 143 141 138 137 137 138 138 135 132 131 133 137 139 138 137 137 136 135 135 136 138 139 139 138 138 137 136 137 141 143 142 140 138 137 136 137 141 148 152 152 151 151 153 155 159 165 170 173 174 174 174 175 177 180 185 186 186 184 183 186 190 195 196 196 196 192 186 179 168 157 149 145 142 140 137 135 132 131 129 127 124 121 120 121 122 123 124 125 129 140
141 141 141 141 142 140 137 136 137 138 138 135 132 131 132 134 136 135 134 133 133 132 133 135 138 139 138 138 138 137 135 137 141 144 143 141 139 138 136 137 141 147 150 150 149 149 150 152 156 161 166 170 171 172 173 174 177 181 186 187 187 185 186 190 194 198 199 199 199 194 187 179 168 157 149 145 142 139 136 134 132 130 129 126 122 120 119 120 120 121 122 123 127 138
