WindNinja-Server/data/job/23becdaadf7c4ec2993497261e63d813/wncli/results/20171026T1700_ang.asc
ncols	108
nrows	170
xllcorner	726299.000000
yllcorner	5208948.000000
cellsize	29.150477
NODATA_value	-32768.000000
[rows 0 to 41 of 170, columns 0 to 93 of 108]
153 151 142 131 127 121 117 114 107 103 97 88 82 74 66 66 71 90 98 103 105 98 88 93 97 99 103 105 105 106 104 103 108 113 117 120 121 121 130 137 143 146 147 147 147 148 148 148 150 152 152 153 153 154 153 153 155 155 154 154 153 153 153 152 152 152 152 152 153 153 153 153 153 152 150 147 146 146 145 145 145 144 144 143 141 145 149 153 155 160 163 161 161 161
153 151 142 131 127 121 117 114 107 103 97 88 82 74 66 66 71 90 98 103 105 98 88 93 97 99 103 105 105 106 104 103 108 113 117 120 121 121 130 137 143 146 147 147 147 148 148 148 150 152 152 153 153 154 153 153 155 155 154 154 153 153 153 152 152 152 152 152 153 153 153 153 153 152 150 147 146 146 145 145 145 144 144 143 141 145 149 153 155 160 163 161 161 161
158 158 151 140 135 131 125 122 117 111 107 101 94 87 82 81 85 92 99 105 108 106 101 99 100 104 107 109 111 111 111 112 114 118 122 125 128 130 131 136 142 146 148 148 148 149 149 149 150 152 153 153 154 154 154 153 154 155 155 155 154 154 154 153 153 153 153 153 153 153 154 154 153 153 153 150 148 148 148 147 148 148 147 148 146 144 147 151 153 159 164 163 163 162
165 166 163 154 147 143 138 134 131 126 122 120 115 112 110 108 107 107 109 113 117 121 120 114 111 114 116 118 120 122 124 125 125 126 129 133 136 136 134 136 140 145 149 149 150 151 151 150 151 152 154 154 155 155 155 154 155 156 157 156 156 156 156 155 154 154 154 154 154 154 155 155 156 156 156 154 151 151 150 151 151 152 152 152 149 145 145 147 150 155 163 166 166 163
170 170 168 161 155 151 147 142 138 135 132 130 129 126 123 121 122 121 121 123 127 131 129 124 121 121 123 126 128 131 132 133 132 133 134 138 139 138 136 136 140 145 148 149 150 151 151 151 152 153 154 155 156 156 156 155 156 157 157 157 157 157 157 157 156 156 156 156 155 156 157 157 158 158 158 156 153 152 152 152 152 153 153 153 150 146 146 147 149 154 162 168 167 165
175 174 170 165 161 158 154 148 144 140 138 137 136 134 131 128 127 127 126 127 131 135 134 129 125 125 127 130 132 135 137 137 136 136 138 140 141 139 137 137 140 145 148 149 150 151 151 151 152 153 154 155 156 156 156 156 156 157 157 156 156 157 157 157 156 156 156 156 156 157 158 158 159 159 159 157 154 152 152 152 152 152 152 152 149 146 145 146 148 153 162 168 168 165
180 179 173 168 165 163 158 151 147 144 142 140 140 138 134 130 128 127 125 126 130 135 135 131 127 128 130 133 135 137 139 139 139 138 139 141 142 141 139 139 142 145 148 149 150 151 151 151 152 153 154 155 155 156 156 156 156 156 155 154 154 155 155 155 155 155 155 155 155 156 157 158 159 159 159 156 153 152 151 151 151 150 150 149 146 143 143 144 146 151 160 166 166 162
187 185 179 172 169 166 160 153 149 146 144 143 142 139 135 130 126 124 122 123 127 132 134 131 129 130 132 134 136 138 140 141 140 140 141 142 142 141 140 140 143 146 148 149 150 151 151 151 152 153 154 155 155 155 155 155 155 155 154 152 152 153 153 153 153 153 153 153 153 154 156 157 157 158 158 155 152 150 149 149 149 148 147 146 143 140 139 140 143 148 158 165 164 160
196 194 187 180 175 170 162 154 150 149 146 145 143 141 136 131 127 125 124 125 129 134 136 133 131 131 134 136 137 139 140 141 140 140 141 141 141 141 140 141 144 146 148 149 150 151 151 151 152 153 154 155 155 155 155 155 155 154 152 151 151 151 151 151 151 151 152 152 152 153 154 155 156 156 156 154 151 149 148 147 147 146 145 143 141 138 137 138 140 146 157 164 164 159
205 202 194 187 181 173 164 156 152 151 149 147 146 144 139 134 132 131 131 133 136 140 140 136 133 133 135 136 138 139 139 139 139 139 139 139 139 140 141 142 144 146 147 148 149 150 151 151 151 153 154 154 154 154 154 154 154 153 151 149 149 149 149 149 149 149 150 149 149 150 151 152 153 154 154 152 149 146 146 145 145 144 143 142 139 136 135 135 138 144 155 163 164 159
212 209 201 193 185 176 166 158 154 152 150 149 149 147 142 138 136 137 138 140 142 144 143 139 136 135 136 137 138 138 138 138 137 137 137 137 138 139 141 143 145 146 147 148 149 150 150 151 151 152 153 154 154 154 154 153 153 152 149 147 146 146 146 146 147 147 147 147 146 147 148 149 150 151 151 149 146 144 143 143 143 142 141 140 137 134 133 134 136 142 153 162 163 158
218 216 208 198 189 179 168 160 156 154 152 151 151 149 146 142 140 140 142 143 145 147 145 141 137 136 137 138 138 139 139 138 137 137 137 136 137 139 141 144 145 146 147 148 149 150 151 151 151 152 153 153 153 153 152 152 152 150 148 145 144 144 144 144 144 145 145 144 143 144 145 145 146 148 148 146 142 140 140 140 140 140 139 138 135 132 131 132 136 142 152 161 161 157
225 221 212 203 193 180 169 161 157 155 153 153 153 153 149 146 144 143 144 145 147 148 146 142 139 138 138 139 139 140 140 139 139 139 138 137 137 139 142 145 146 146 146 147 149 150 151 151 152 152 152 152 152 151 151 150 150 148 146 143 141 141 141 141 142 142 142 140 139 140 141 141 142 143 143 141 138 137 137 137 137 136 136 134 132 129 128 131 136 143 153 160 160 156
228 224 217 209 197 182 168 160 157 154 154 154 155 155 152 148 146 146 146 147 148 149 148 144 140 139 140 140 141 141 141 140 140 139 139 138 138 140 144 146 147 146 146 147 149 151 152 152 152 152 152 151 150 149 148 148 148 146 142 139 137 137 137 137 138 139 138 136 135 136 137 137 137 138 137 136 134 133 134 134 133 133 132 131 128 126 126 130 137 144 153 159 159 156
230 227 220 214 201 182 168 161 157 154 154 155 156 155 152 148 147 147 147 148 149 150 149 146 143 142 142 143 143 143 142 141 140 139 138 138 138 141 145 148 148 146 146 147 150 152 153 154 154 154 152 151 149 148 147 146 146 143 140 136 134 134 134 135 136 137 136 134 133 133 135 136 136 136 135 135 134 133 133 133 133 132 131 130 127 125 125 130 138 145 152 157 157 154
230 228 223 215 199 181 169 162 158 155 155 156 157 155 151 148 146 146 147 149 150 151 151 148 146 145 145 145 145 145 144 143 140 139 138 138 139 141 146 149 148 146 145 147 150 153 154 156 157 155 153 150 148 146 145 145 144 141 137 133 132 132 132 133 134 135 134 132 132 133 135 138 139 138 138 137 137 136 136 135 135 134 133 131 128 126 127 132 139 145 150 154 154 151
238 234 225 210 193 178 170 164 160 157 156 157 157 156 152 147 146 146 147 149 150 151 151 150 149 148 148 147 146 146 145 144 141 139 139 139 140 142 146 149 148 145 145 147 151 155 157 159 160 157 153 149 146 145 144 143 142 139 135 131 130 130 130 131 133 134 133 131 131 132 136 139 140 140 140 140 139 139 138 137 137 136 134 132 129 127 128 133 140 145 149 151 151 148
248 242 221 201 186 177 171 166 162 159 158 159 159 157 153 149 147 147 148 149 150 151 151 150 150 150 149 148 146 145 144 143 140 139 139 140 140 143 147 149 148 145 144 147 152 157 160 163 164 160 154 150 148 147 146 146 145 142 138 134 132 133 134 135 136 138 137 135 134 135 138 140 140 140 140 140 140 140 139 138 137 136 135 133 130 128 129 135 142 147 149 151 150 148
233 235 209 192 183 176 172 168 164 162 161 161 161 159 155 151 149 149 150 150 151 151 150 150 150 151 150 147 146 145 144 142 139 137 138 139 140 142 146 148 146 143 142 146 153 160 164 167 167 162 156 153 152 152 153 153 152 149 144 140 138 139 140 141 144 145 144 141 140 140 142 142 141 139 139 139 139 139 138 137 136 136 135 133 131 129 131 137 145 149 151 152 151 149
220 216 201 188 182 177 173 170 166 163 162 162 162 160 155 151 150 150 150 151 151 151 150 150 151 151 149 147 146 145 144 142 139 137 137 139 140 142 144 145 143 141 141 146 155 162 165 168 167 162 156 153 154 155 157 157 157 154 149 144 143 144 145 147 149 150 149 146 145 145 145 144 142 140 139 138 139 138 137 136 136 136 135 134 132 131 132 139 147 150 152 153 152 150
214 209 199 190 183 178 174 170 166 163 161 160 160 158 153 150 148 149 149 150 150 150 150 151 152 151 148 146 145 145 144 142 140 138 139 142 144 146 148 148 146 145 146 151 160 166 168 169 167 160 154 151 153 155 157 158 158 156 151 147 146 147 149 151 153 154 153 151 149 149 148 147 145 143 142 141 141 141 140 139 138 138 138 136 134 133 135 141 148 151 151 152 152 150
213 210 203 194 186 179 173 168 163 159 157 157 156 154 150 146 145 146 147 148 148 149 150 151 152 151 148 145 144 145 144 144 142 141 143 147 150 153 155 155 154 153 155 160 167 172 172 171 167 159 152 149 150 154 156 156 157 155 152 149 148 150 152 153 155 157 156 154 153 153 153 151 150 148 147 146 146 145 144 143 143 143 142 141 139 137 138 143 149 150 150 150 150 148
221 219 210 199 188 178 171 165 159 155 153 152 152 150 146 144 143 144 146 147 148 148 149 151 152 151 147 144 144 145 145 145 144 144 147 152 156 158 160 161 160 161 163 168 174 177 176 173 168 158 151 148 149 153 154 154 154 153 151 149 150 152 154 155 157 158 158 157 156 156 156 154 153 152 151 150 149 148 148 147 147 147 146 145 143 141 141 146 150 150 149 149 148 146
230 224 210 199 187 177 170 164 159 155 153 152 152 150 147 145 144 145 147 148 149 149 150 152 153 151 147 144 143 144 145 145 145 145 149 154 158 160 162 164 165 167 171 176 181 182 180 175 168 159 151 149 151 155 156 156 155 153 151 149 150 152 154 156 157 158 157 157 157 158 157 156 155 154 153 152 151 150 149 149 149 149 149 148 146 144 144 148 151 151 149 148 146 144
223 220 207 195 185 176 170 165 160 156 155 154 153 151 149 147 147 148 149 150 150 151 152 153 153 152 148 144 143 144 145 145 145 145 149 154 158 161 163 165 168 172 177 183 186 186 181 175 167 158 152 150 153 157 159 158 157 155 152 150 151 153 155 156 157 158 157 157 157 158 157 156 156 155 154 154 153 152 152 151 151 151 152 151 149 148 148 151 153 152 150 148 146 143
222 217 204 191 182 175 169 164 160 157 155 154 154 152 150 148 149 149 150 151 151 152 152 153 153 151 148 144 144 145 145 146 146 146 150 155 159 161 164 168 172 178 184 189 191 188 181 173 165 157 151 150 153 157 159 158 156 154 152 151 151 153 155 157 157 158 157 157 158 158 157 156 155 155 155 154 154 153 153 153 153 154 154 154 153 152 152 155 156 154 151 149 146 143
223 214 199 189 180 174 168 164 160 157 155 154 153 152 150 149 150 150 151 151 152 152 152 152 152 150 147 144 143 144 145 146 146 147 150 156 160 163 166 171 175 183 190 193 192 186 178 171 164 156 151 149 152 156 157 156 154 153 151 150 150 152 154 156 157 157 157 157 157 157 155 153 153 153 153 153 153 153 154 154 154 155 156 156 155 155 156 158 159 156 153 150 147 144
214 208 195 185 177 171 166 162 159 157 156 155 154 152 151 150 151 151 152 152 152 152 152 152 151 149 146 143 142 144 145 146 146 148 152 157 162 166 170 174 180 187 193 193 188 182 175 169 162 155 150 149 151 154 155 153 152 151 149 149 149 151 153 155 155 156 156 157 157 155 153 151 151 151 151 151 151 152 153 154 155 156 157 157 157 158 160 162 162 160 157 154 150 147
210 204 192 181 174 168 164 161 159 157 156 155 154 153 152 151 151 151 152 152 152 152 152 151 151 149 146 143 143 144 145 147 147 149 154 160 165 169 174 180 185 190 191 187 181 177 172 166 160 153 149 148 150 153 153 152 150 149 148 148 149 151 153 154 155 155 156 156 156 154 152 150 150 149 149 149 150 151 152 154 155 156 158 158 159 160 162 164 164 163 161 157 153 150
207 199 187 178 170 165 162 159 158 157 156 155 154 153 152 152 151 151 151 151 151 151 151 150 149 147 144 142 142 144 145 147 148 151 156 162 168 173 179 186 190 191 186 178 173 171 167 162 156 151 147 146 149 151 151 150 148 147 147 147 148 150 152 153 154 154 154 155 154 153 150 148 148 147 147 148 149 150 151 153 154 156 158 159 160 162 164 166 166 166 164 161 157 153
197 192 182 174 167 162 159 157 157 156 156 156 155 154 153 153 152 151 151 151 151 150 150 149 147 146 143 141 141 143 144 146 149 153 160 167 173 178 185 191 191 187 179 170 166 165 162 157 152 148 145 145 147 150 150 148 147 146 145 146 147 150 152 153 154 154 154 154 153 152 149 147 146 145 145 145 147 148 150 152 154 156 158 159 161 163 165 166 166 166 165 163 160 157
188 184 177 170 164 160 157 155 155 155 156 156 156 155 154 154 153 152 152 152 151 150 149 148 147 145 143 141 141 142 143 146 150 158 167 176 182 187 192 192 186 177 170 164 161 159 156 152 149 146 143 143 146 148 148 146 145 144 144 145 146 149 151 152 153 153 153 153 153 151 148 145 144 143 143 144 145 147 149 151 153 156 158 159 161 163 164 165 166 166 165 164 162 160
179 177 172 166 160 157 154 153 153 154 155 155 155 154 154 153 153 153 152 152 151 150 149 147 146 145 143 142 141 141 142 144 152 166 179 187 190 190 189 184 175 169 165 162 160 158 154 150 147 145 142 142 145 147 147 145 143 143 143 143 144 146 148 149 150 150 151 151 151 149 146 143 142 141 140 141 143 145 147 149 152 154 157 159 160 162 163 163 164 164 163 162 161 160
172 170 166 161 157 155 153 152 152 154 155 154 154 153 152 152 152 152 152 152 151 150 149 147 146 144 143 142 142 140 139 142 153 176 191 191 187 183 180 175 169 166 163 162 160 158 154 150 147 144 142 142 144 146 145 144 142 141 141 141 142 144 145 146 147 147 148 149 149 147 144 141 139 138 138 138 140 142 144 147 150 153 155 157 159 161 161 162 162 162 161 160 159 159
165 164 161 156 153 152 151 151 152 154 155 154 153 152 151 151 151 151 152 152 151 150 149 148 146 145 144 143 142 140 139 142 159 187 191 177 171 170 169 167 164 162 160 159 158 156 152 148 145 143 141 141 143 145 145 143 142 141 141 142 142 144 146 147 147 148 148 149 150 148 144 141 139 138 137 138 140 142 144 147 151 153 156 158 159 160 161 161 161 161 160 158 157 158
158 158 155 151 148 148 148 149 151 154 154 153 151 150 150 149 149 150 152 152 152 152 151 149 148 146 145 144 143 142 142 149 170 187 174 161 159 159 160 159 157 156 155 154 154 152 149 145 143 141 139 139 141 143 144 143 143 143 143 145 146 148 151 152 152 153 154 155 155 153 150 146 145 144 143 144 146 148 150 154 157 159 161 162 162 162 162 163 163 164 162 159 157 157
153 153 150 146 144 144 144 145 148 152 153 151 149 148 147 147 147 149 151 153 153 153 153 152 150 149 147 146 144 141 143 152 171 177 165 155 154 154 153 151 150 149 149 148 148 147 144 142 140 138 137 137 140 142 143 143 144 145 146 148 150 153 155 157 157 158 158 159 159 158 155 152 151 150 150 151 152 154 157 160 163 164 165 166 165 165 164 164 166 167 165 162 159 159
149 149 147 143 141 142 142 143 147 151 152 151 149 148 147 146 146 148 152 155 156 156 155 155 154 154 152 149 145 142 144 151 162 165 157 153 152 152 150 147 146 146 145 145 145 144 142 140 138 137 136 137 139 141 143 143 144 146 148 150 152 155 157 158 159 159 160 160 161 159 157 154 153 153 153 154 156 157 160 163 165 167 167 167 166 165 164 165 167 168 167 163 162 161
145 146 144 141 140 141 142 144 148 152 154 153 152 151 150 149 148 151 155 158 159 159 158 159 161 162 160 156 151 150 153 156 159 159 155 153 153 153 150 148 147 146 146 146 146 145 142 140 138 137 136 137 138 140 142 143 144 145 147 149 151 154 156 157 158 158 158 159 160 158 156 153 153 152 153 154 155 157 160 163 166 168 168 168 167 165 164 165 169 171 168 164 162 162
141 142 142 141 140 142 144 146 150 154 156 156 156 156 155 154 154 156 161 163 163 163 163 165 169 169 164 157 153 153 155 157 158 157 154 153 154 153 151 148 148 148 148 148 147 146 143 141 139 137 137 137 139 140 141 143 144 145 147 148 150 152 155 156 156 156 157 157 158 157 154 151 151 151 151 152 153 155 158 162 166 168 169 169 167 166 165 168 173 175 171 164 161 160
136 138 140 139 140 142 145 147 152 156 157 157 158 159 159 159 160 164 168 170 169 169 170 173 176 174 164 156 153 154 155 156 157 156 155 155 155 154 150 148 148 149 148 148 148 146 143 140 138 137 137 137 138 139 141 142 144 146 147 148 150 152 154 155 155 155 156 157 157 156 153 151 150 150 151 151 152 153 156 162 167 169 170 170 169 169 170 176 182 182 174 164 159 157
131 134 137 137 138 141 144 147 152 155 156 156 157 158 159 160 164 170 176 178 176 176 177 179 179 174 164 157 155 156 157 157 157 157 157 158 158 155 151 149 148 149 148 148 148 146 143 140 138 137 136 136 137 138 139 141 144 146 147 148 150 152 155 155 155 156 156 157 157 155 152 150 150 151 151 152 151 152 155 162 169 172 173 174 175 176 180 186 189 185 174 163 157 155
