WindNinja-Server/data/job/23becdaadf7c4ec2993497261e63d813/wncli/results/20171026T1600_ang.asc
ncols	108
nrows	170
xllcorner	726299.000000
yllcorner	5208948.000000
cellsize	29.150477
NODATA_value	-32768.000000
[rows 84 to 125 of 170, columns 0 to 93 of 108]
164 165 163 160 157 154 152 150 147 144 142 141 140 140 139 138 136 132 128 126 125 124 123 122 122 125 131 136 138 139 138 137 135 134 134 136 137 137 137 139 145 153 155 148 140 137 140 144 147 148 150 149 145 143 142 140 141 143 145 151 167 188 201 205 204 202 195 185 176 165 152 142 138 137 136 138 142 144 142 140 139 139 139 140 141 142 141 142 143 142 140 138 134 128
160 161 160 157 155 153 151 149 146 142 140 139 138 138 137 137 134 131 127 125 123 122 121 121 121 123 128 133 135 136 136 135 133 132 132 134 136 137 138 140 146 154 156 149 140 137 140 145 147 150 152 152 151 151 150 150 152 154 155 159 171 187 199 201 199 196 189 180 173 164 154 146 144 144 144 146 150 151 149 145 144 142 141 141 142 142 142 143 145 144 141 138 135 129
159 159 157 155 153 151 150 148 145 141 138 137 137 136 136 135 133 130 126 124 122 120 120 119 119 121 125 130 131 132 132 131 130 130 130 132 134 137 139 142 147 154 156 149 140 136 139 145 149 151 153 153 153 155 156 157 158 160 162 165 175 189 198 199 196 192 184 176 169 162 154 149 149 150 151 153 157 158 154 150 147 144 143 142 142 143 143 145 147 146 143 140 136 131
160 159 156 154 152 151 150 148 145 141 138 137 137 137 136 136 134 130 126 124 122 120 119 119 119 120 125 129 130 131 131 131 131 131 131 132 133 136 139 142 147 154 156 148 138 135 138 146 150 152 152 152 153 155 157 158 160 162 165 170 180 192 199 198 194 188 180 172 165 159 153 149 149 152 153 156 159 160 157 152 149 146 145 144 144 144 145 146 148 148 144 141 137 133
159 158 156 153 151 150 150 148 145 141 139 138 138 138 138 137 135 132 128 125 123 121 120 120 120 122 126 130 132 133 134 134 135 135 135 134 133 136 139 142 146 152 153 145 134 131 135 144 150 152 152 151 153 155 157 158 160 162 166 174 185 195 200 197 191 184 176 169 162 157 151 147 147 149 151 154 157 159 156 152 150 148 147 146 146 146 147 148 150 149 146 143 139 134
158 157 155 152 151 150 150 148 145 142 139 139 139 139 139 138 136 132 129 126 124 122 121 121 121 123 128 132 134 135 136 136 137 138 137 135 134 135 137 139 142 148 150 140 130 126 130 141 148 150 149 150 153 156 157 158 160 163 169 179 189 197 199 194 187 180 173 167 161 157 152 147 146 147 148 150 153 155 153 151 150 149 148 147 147 147 148 149 151 150 147 144 140 135
156 156 154 151 150 149 149 147 144 141 139 138 138 138 138 137 136 132 128 125 123 122 121 120 120 122 126 130 132 132 133 134 135 135 134 131 128 129 131 133 137 144 145 135 125 122 126 137 144 145 145 147 151 156 158 158 160 165 172 183 192 196 196 189 182 176 171 166 162 159 154 150 149 149 149 150 152 153 152 151 150 149 147 146 146 147 148 149 150 149 146 143 140 136
154 154 152 150 149 148 148 146 143 139 137 136 137 136 136 136 134 130 126 124 122 120 119 118 117 118 121 125 126 126 126 126 126 125 122 118 115 116 120 124 130 138 139 129 120 117 121 131 136 137 137 141 147 153 157 158 161 166 175 186 192 194 191 185 179 174 169 167 165 161 156 153 152 151 152 152 153 152 151 150 150 148 146 145 146 147 148 148 149 148 145 142 140 137
151 151 151 149 148 147 147 145 142 138 136 135 135 135 135 135 133 129 125 122 120 118 116 115 114 113 115 117 119 119 119 116 114 111 109 106 105 107 111 116 122 130 131 122 114 112 116 124 129 130 131 135 142 150 155 158 161 167 176 187 191 190 186 182 177 173 170 169 168 164 158 154 153 153 153 153 153 153 152 151 150 148 145 144 145 146 147 148 148 147 144 141 139 137
149 149 149 147 147 146 146 144 141 137 135 135 135 135 135 134 133 129 124 121 119 116 115 113 111 109 109 112 114 115 113 109 105 104 104 103 104 107 110 114 118 125 126 119 112 112 116 124 128 129 130 134 142 150 155 158 161 167 176 185 189 186 183 180 177 174 172 172 171 167 161 157 155 155 155 155 155 154 154 153 152 149 145 143 144 145 145 146 147 146 143 139 137 135
146 147 147 146 145 145 145 144 141 137 135 134 135 135 135 134 132 129 124 121 118 115 112 110 108 105 105 107 109 110 107 102 100 101 102 103 105 109 111 113 115 120 121 115 112 113 119 127 131 132 133 136 143 151 156 157 159 165 174 183 186 184 181 178 176 175 173 173 173 169 163 160 158 158 157 157 157 157 156 156 154 150 145 143 142 143 144 145 146 145 141 137 134 132
144 145 146 145 145 144 144 143 140 136 134 134 135 135 134 134 132 129 124 121 117 113 110 107 104 102 102 103 105 105 101 98 97 99 102 104 107 111 113 112 112 114 116 113 112 115 122 130 134 135 135 138 145 153 157 156 156 161 170 180 185 183 181 178 176 174 172 172 171 168 163 160 159 159 159 158 158 158 157 157 154 150 145 142 141 142 142 143 144 143 139 135 131 129
141 143 144 144 144 144 144 142 139 136 134 134 134 134 134 133 131 128 124 120 116 112 108 105 103 103 103 104 105 105 103 101 101 103 106 108 111 116 119 119 118 119 120 119 118 122 128 135 138 138 138 141 149 158 162 159 156 159 167 179 184 183 180 178 176 173 171 171 170 167 163 159 159 159 159 159 158 158 157 156 154 150 144 141 140 140 140 141 142 140 137 132 129 127
139 141 143 144 144 144 143 141 138 135 133 133 134 135 134 132 130 127 123 119 115 111 108 106 105 105 105 106 108 109 110 109 109 110 112 114 117 122 127 130 130 132 132 129 128 130 135 140 143 143 142 146 153 163 167 163 158 160 168 179 183 182 179 177 175 172 170 169 169 166 162 159 159 159 159 159 158 158 157 156 154 149 144 140 139 138 138 139 139 137 133 129 126 126
138 140 142 143 144 144 142 140 137 134 132 133 134 134 133 132 129 126 122 118 115 112 110 108 108 108 108 108 110 113 115 115 115 117 118 119 122 128 134 139 140 140 139 137 135 136 140 145 147 146 146 150 157 166 169 164 159 161 170 180 182 180 177 175 173 170 169 168 166 163 160 158 159 159 159 158 158 157 156 156 153 148 143 139 138 137 136 137 137 135 131 128 126 125
136 138 140 142 143 143 141 139 136 133 131 131 132 132 131 130 128 125 122 119 117 114 112 111 110 110 110 111 113 117 120 121 121 121 122 123 125 131 139 143 144 143 142 139 137 138 143 147 149 148 148 152 160 167 169 163 159 162 172 180 182 178 175 173 170 168 166 165 162 159 156 155 156 157 156 156 155 155 154 154 151 146 141 137 136 136 136 137 138 136 134 131 130 129
134 136 138 141 143 142 140 137 135 131 129 129 130 129 128 127 126 124 122 120 118 116 114 113 112 112 113 115 118 122 125 127 126 126 126 127 128 135 142 146 146 144 142 140 138 139 144 148 150 149 149 153 160 168 168 162 158 162 172 181 182 178 174 171 168 166 164 162 159 155 153 153 153 153 153 152 152 152 151 151 149 144 139 136 135 135 136 137 139 139 137 135 134 134
133 135 137 141 143 142 139 136 134 131 128 128 128 128 127 127 126 125 123 122 120 118 116 116 115 116 116 118 122 126 129 131 131 130 130 130 131 137 145 149 148 146 144 141 139 140 144 149 150 149 149 153 161 168 168 161 157 162 173 181 182 178 173 170 167 165 163 161 158 156 154 154 152 151 150 150 150 149 149 149 147 142 137 134 134 135 136 137 139 139 138 137 136 136
132 134 138 141 144 142 138 136 133 130 128 128 129 129 129 129 129 127 126 124 122 120 119 119 118 118 119 120 123 127 130 131 131 131 131 131 132 138 147 150 149 146 144 142 139 140 144 148 149 149 149 153 161 167 167 161 156 161 172 181 182 177 173 170 167 165 163 162 160 159 159 158 155 152 151 150 149 148 148 148 146 141 136 133 133 134 135 136 138 138 137 136 135 135
131 133 137 142 145 142 138 135 133 130 129 130 131 131 132 132 131 130 129 127 125 123 123 122 121 121 121 121 123 127 129 131 131 131 131 130 132 138 147 151 149 146 144 142 139 139 142 145 146 147 149 153 161 167 167 160 155 160 171 180 180 175 172 170 168 166 164 164 163 164 165 163 160 155 152 150 148 147 147 147 145 140 135 132 132 133 134 135 136 136 135 134 134 134
132 134 138 142 145 142 138 135 133 131 130 131 132 132 133 133 132 131 131 129 127 126 125 124 123 123 122 122 124 127 130 131 131 131 131 130 132 138 147 151 149 146 144 142 140 139 141 142 143 145 148 154 161 167 166 159 154 158 169 177 175 171 169 168 166 165 164 165 165 167 168 168 164 159 154 150 148 147 147 147 145 140 135 132 132 133 133 134 135 135 134 133 133 133
132 134 138 142 145 143 139 136 133 131 130 131 132 132 132 132 132 132 131 130 128 126 125 125 124 124 123 123 125 128 131 132 131 131 131 130 132 138 147 150 149 146 144 142 140 140 141 141 142 145 149 154 161 167 166 157 152 156 167 173 171 167 166 165 164 163 163 164 167 169 170 170 167 162 156 153 150 149 149 149 147 141 135 132 132 132 133 133 134 134 133 133 133 133
131 133 138 143 145 143 139 136 134 132 131 131 131 131 131 131 131 131 131 131 129 127 126 125 125 125 124 124 126 130 132 133 133 132 131 130 131 137 146 150 148 145 143 141 140 141 141 142 143 146 150 154 160 165 164 156 150 154 163 169 167 164 163 163 162 162 163 166 169 170 170 170 167 162 157 154 153 152 151 150 148 142 136 133 132 132 132 133 133 133 133 132 132 133
131 133 138 142 145 143 139 136 134 132 131 130 131 131 131 131 131 131 131 131 129 127 126 126 126 126 125 125 127 131 134 135 135 134 132 131 131 137 146 150 148 145 143 142 141 142 143 143 144 148 152 155 159 164 163 154 149 151 159 164 164 162 162 162 162 164 166 170 172 171 170 168 164 159 155 154 153 152 151 150 148 142 136 132 131 131 131 131 132 132 131 131 131 132
130 132 137 141 144 142 138 136 134 132 131 130 130 130 131 131 131 131 131 131 129 128 127 127 127 127 126 125 128 132 135 136 136 135 133 132 132 138 147 151 150 147 146 145 145 145 144 144 146 150 154 157 160 164 163 155 149 151 158 162 162 162 163 163 164 167 171 173 173 171 169 167 162 157 153 152 151 150 150 149 146 140 134 131 129 129 129 129 129 129 129 129 129 130
128 131 136 141 143 141 138 136 134 132 131 130 130 130 130 130 131 131 131 131 130 128 128 127 127 127 126 126 128 132 136 138 137 136 135 134 134 139 148 153 152 150 149 149 149 148 147 146 147 152 156 158 162 165 163 156 150 151 157 162 163 163 164 164 166 170 173 173 173 170 168 165 160 155 151 150 149 148 148 147 144 138 132 128 127 127 127 127 126 126 126 126 126 128
129 131 135 140 143 141 137 135 133 132 130 130 129 129 130 130 130 131 131 131 130 128 128 128 128 128 127 126 128 133 138 139 139 138 137 135 135 141 149 154 153 152 152 152 152 152 151 149 150 154 157 160 163 166 164 156 151 152 157 162 164 165 166 166 168 172 173 172 171 169 166 163 158 153 150 148 147 146 146 145 142 136 130 126 125 125 124 124 124 124 123 123 124 126
128 130 135 139 142 140 136 134 132 131 130 129 128 129 129 130 130 131 131 130 129 128 127 127 127 127 127 126 128 134 139 140 140 140 139 137 137 142 150 154 153 153 154 155 156 156 156 154 155 158 160 162 164 167 165 157 151 152 157 162 164 166 167 167 169 173 173 171 169 167 164 161 156 150 147 145 144 143 142 142 140 134 127 124 123 122 122 122 122 121 121 121 123 125
127 129 134 139 141 139 135 133 131 131 130 128 128 128 129 129 130 130 130 130 129 128 127 127 127 127 126 126 128 134 139 141 141 141 140 139 139 143 150 153 153 153 155 157 159 161 161 161 161 164 165 166 167 169 166 158 152 153 158 163 165 166 167 168 171 174 173 170 168 166 164 160 154 148 144 142 141 139 139 138 136 130 124 121 120 120 120 120 120 120 119 119 121 124
128 130 134 138 141 139 134 132 131 131 130 129 127 127 128 129 129 130 130 129 128 127 126 126 126 126 126 126 128 134 140 142 142 141 141 140 140 144 150 152 153 154 156 158 161 164 165 165 166 169 170 170 171 171 167 159 153 154 159 164 166 167 167 168 172 176 174 171 169 167 164 160 154 147 142 140 138 137 136 136 134 128 122 119 119 118 118 118 118 118 118 118 120 124
127 130 134 138 141 138 134 131 131 131 131 129 127 127 128 128 129 129 129 129 127 126 126 125 125 125 125 125 127 133 139 141 141 140 140 140 140 144 149 151 152 153 155 157 161 164 165 166 168 170 171 171 171 171 166 158 152 154 160 165 167 167 168 169 173 177 176 173 172 169 165 161 154 146 141 138 137 136 135 135 133 127 122 119 118 117 117 117 118 118 117 117 119 123
127 129 133 138 140 137 133 131 131 132 132 130 127 127 127 128 128 128 128 128 127 125 125 124 123 123 123 124 126 132 137 139 139 139 139 139 140 144 148 150 151 153 155 157 159 161 161 162 164 167 168 169 170 169 163 155 151 153 160 165 168 168 168 170 174 179 178 175 175 172 168 162 154 145 140 137 135 134 134 134 132 127 121 118 117 117 117 117 117 117 116 116 118 123
128 130 134 138 140 137 133 131 131 132 131 129 127 126 127 128 128 128 128 127 126 124 124 123 122 122 122 122 125 130 136 138 137 138 138 138 139 143 146 148 151 154 157 158 160 160 159 159 161 164 166 168 169 166 161 154 151 154 161 166 168 169 169 171 176 181 180 178 179 177 171 164 155 146 140 137 135 134 134 134 133 127 122 119 118 117 117 117 117 117 116 116 119 125
129 131 134 138 140 136 132 130 130 131 131 129 126 126 126 127 128 128 127 126 125 123 122 121 120 120 120 121 123 128 134 136 136 136 137 137 138 140 142 144 149 154 159 163 164 164 162 162 163 165 167 169 170 167 162 156 154 156 162 167 169 170 170 173 178 183 182 182 184 181 175 167 157 148 142 139 137 135 135 135 134 129 124 120 119 118 117 117 117 118 118 118 121 128
129 131 135 138 139 136 131 129 129 130 130 128 126 125 127 128 128 128 127 126 124 122 121 120 119 119 119 119 121 126 131 133 134 135 136 136 136 137 139 141 146 154 161 165 167 166 165 164 165 167 169 171 171 169 165 160 158 159 165 169 171 171 171 174 179 184 185 185 187 183 176 168 159 150 144 140 138 137 136 136 134 130 125 122 120 118 117 118 118 119 119 120 124 132
131 132 135 138 140 136 132 130 130 131 131 129 126 126 127 129 129 129 127 126 125 124 123 122 121 121 121 121 122 126 130 132 134 135 136 135 135 135 136 138 144 153 161 164 165 165 164 164 166 168 171 172 172 170 167 163 161 163 168 172 173 172 172 174 180 186 188 189 190 184 177 169 161 151 144 140 138 137 136 135 134 130 125 122 120 118 117 118 118 119 120 122 126 134
133 134 136 139 141 137 133 131 132 133 133 131 128 127 129 131 132 131 130 129 128 127 127 127 126 126 126 126 127 129 131 132 134 136 136 134 133 133 133 135 141 151 158 160 161 161 161 162 164 167 170 172 171 169 167 165 163 165 170 174 175 174 173 175 181 188 190 191 191 185 178 171 161 151 144 141 139 137 135 134 132 129 125 121 119 117 117 118 119 120 121 122 127 135
135 136 137 140 141 138 135 133 133 135 135 132 129 128 130 133 134 133 132 131 131 130 130 131 131 132 132 131 132 132 132 133 135 136 135 133 132 131 130 131 138 147 154 155 155 156 157 159 161 165 169 171 170 168 167 165 164 166 172 176 177 175 173 176 183 190 192 193 193 187 179 172 161 151 143 140 138 136 134 132 130 127 123 121 118 117 117 117 119 120 121 123 127 137
135 136 138 140 140 138 135 133 133 135 135 132 129 128 130 134 135 134 133 132 131 131 131 132 133 133 133 132 132 131 131 131 134 136 135 132 130 129 128 128 134 143 150 151 150 151 153 155 159 163 167 169 169 167 166 164 164 167 174 178 178 176 174 177 185 193 195 195 195 188 181 173 161 149 142 138 136 134 132 130 128 126 123 121 119 117 117 117 118 120 121 122 127 137
135 136 137 139 139 137 134 132 133 134 134 131 128 127 130 134 136 135 133 132 132 130 130 131 132 132 131 129 129 128 127 128 132 134 133 130 129 127 126 126 132 140 146 146 145 146 148 150 154 160 165 167 167 165 165 163 163 168 175 179 179 176 175 179 187 195 197 198 197 191 182 174 160 147 139 136 134 132 130 128 126 125 123 121 119 117 116 117 118 119 120 121 125 136
137 137 137 138 138 136 133 132 132 133 133 131 128 127 129 133 135 134 133 132 131 129 128 129 129 129 128 127 126 124 123 125 129 132 131 129 127 125 124 124 129 137 141 142 141 141 142 145 149 155 161 165 164 163 163 162 163 169 176 180 180 177 176 182 191 198 200 200 200 193 184 174 159 145 137 134 132 130 128 127 125 124 123 121 118 116 116 117 117 118 119 120 124 134
138 138 137 137 138 136 133 131 132 133 133 131 128 127 128 131 132 132 131 129 128 127 125 126 128 129 127 126 126 124 122 124 128 131 131 129 127 125 124 124 128 135 139 139 138 138 139 142 146 152 158 162 162 161 161 161 163 169 176 180 180 178 178 186 195 202 203 203 203 196 185 173 159 145 137 134 131 129 127 126 124 123 122 120 117 115 115 116 116 117 117 118 121 132
