WindNinja-Server/data/job/23becdaadf7c4ec2993497261e63d813/wncli/results/20171026T1500_vel.asc
ncols	108
nrows	170
xllcorner	726299.000000
yllcorner	5208948.000000
cellsize	29.150477
NODATA_value	-32768.000000
[rows 0 to 37 of 170, columns 0 to 83 of 108]
3.36 2.79 2.32 2.76 2.82 2.81 3.00 2.99 3.03 3.21 3.24 3.36 3.58 3.68 3.90 4.04 3.90 3.66 3.58 3.38 3.17 3.00 3.15 3.43 3.43 3.32 3.24 3.14 3.09 3.09 3.00 3.03 3.19 3.16 3.09 3.09 2.94 2.94 3.34 3.64 3.73 3.73 3.63 3.59 3.67 3.65 3.67 3.97 4.12 4.17 4.24 4.26 4.26 4.13 4.06 4.16 4.22 4.18 4.20 4.12 4.05 4.13 4.07 4.03 4.12 4.18 4.21 4.28 4.36 4.38 4.36 4.28 4.16 3.94 3.64 3.49 3.63 3.62 3.56 3.57 3.46 3.36 3.46 3.35
3.36 2.79 2.32 2.76 2.82 2.81 3.00 2.99 3.03 3.21 3.24 3.36 3.58 3.68 3.90 4.04 3.90 3.66 3.58 3.38 3.17 3.00 3.15 3.43 3.43 3.32 3.24 3.14 3.09 3.09 3.00 3.03 3.19 3.16 3.09 3.09 2.94 2.94 3.34 3.64 3.73 3.73 3.63 3.59 3.67 3.65 3.67 3.97 4.12 4.17 4.24 4.26 4.26 4.13 4.06 4.16 4.22 4.18 4.20 4.12 4.05 4.13 4.07 4.03 4.12 4.18 4.21 4.28 4.36 4.38 4.36 4.28 4.16 3.94 3.64 3.49 3.63 3.62 3.56 3.57 3.46 3.36 3.46 3.35
3.12 2.67 2.21 2.48 2.60 2.62 2.77 2.77 2.78 2.93 2.94 2.98 3.16 3.22 3.34 3.46 3.42 3.52 3.62 3.45 3.10 2.75 2.82 3.22 3.38 3.32 3.26 3.13 3.05 3.03 2.92 2.96 3.18 3.23 3.17 3.11 2.94 3.12 3.63 3.93 3.93 3.83 3.73 3.75 3.82 3.83 3.96 4.19 4.31 4.35 4.38 4.38 4.35 4.25 4.24 4.33 4.30 4.26 4.23 4.17 4.18 4.21 4.17 4.19 4.28 4.30 4.33 4.39 4.42 4.41 4.35 4.26 4.12 3.90 3.65 3.60 3.72 3.74 3.75 3.72 3.59 3.56 3.62 3.54
2.90 2.66 2.33 2.34 2.42 2.44 2.45 2.44 2.46 2.51 2.51 2.50 2.51 2.52 2.63 2.78 2.96 3.30 3.61 3.51 2.98 2.46 2.48 2.96 3.32 3.38 3.29 3.17 3.08 2.99 2.91 3.03 3.29 3.45 3.43 3.28 3.22 3.59 4.15 4.43 4.31 4.07 3.98 4.05 4.14 4.22 4.40 4.60 4.68 4.69 4.67 4.63 4.59 4.56 4.59 4.61 4.52 4.41 4.36 4.38 4.43 4.46 4.45 4.50 4.56 4.57 4.57 4.58 4.56 4.48 4.37 4.24 4.09 3.89 3.74 3.79 3.93 4.01 4.05 3.99 3.93 3.98 4.04 4.14
2.83 2.66 2.40 2.39 2.40 2.31 2.23 2.26 2.28 2.29 2.29 2.25 2.16 2.18 2.36 2.61 2.88 3.24 3.58 3.47 2.90 2.41 2.44 2.91 3.36 3.49 3.39 3.28 3.20 3.11 3.10 3.24 3.51 3.73 3.72 3.61 3.65 4.00 4.52 4.79 4.64 4.35 4.26 4.33 4.45 4.59 4.76 4.94 5.03 5.00 4.95 4.91 4.88 4.87 4.87 4.83 4.73 4.60 4.57 4.65 4.72 4.75 4.77 4.80 4.83 4.83 4.78 4.73 4.67 4.55 4.40 4.25 4.10 3.93 3.83 3.91 4.09 4.23 4.29 4.27 4.29 4.37 4.52 4.73
2.82 2.70 2.51 2.44 2.30 2.12 2.05 2.11 2.17 2.19 2.18 2.13 2.04 2.07 2.31 2.64 2.97 3.31 3.55 3.37 2.83 2.38 2.45 2.95 3.44 3.61 3.55 3.46 3.40 3.34 3.33 3.48 3.76 3.99 4.02 3.95 4.03 4.37 4.84 5.08 4.93 4.67 4.59 4.68 4.82 4.95 5.12 5.27 5.31 5.24 5.16 5.10 5.06 5.04 5.00 4.92 4.80 4.72 4.73 4.82 4.88 4.89 4.89 4.90 4.93 4.88 4.80 4.72 4.63 4.48 4.32 4.17 4.03 3.90 3.86 3.98 4.20 4.38 4.49 4.51 4.57 4.70 4.93 5.23
2.83 2.70 2.45 2.29 2.06 1.85 1.87 2.03 2.12 2.14 2.14 2.09 2.02 2.08 2.36 2.77 3.14 3.38 3.47 3.25 2.76 2.41 2.52 3.04 3.57 3.78 3.74 3.68 3.64 3.58 3.57 3.71 4.00 4.25 4.30 4.28 4.39 4.72 5.17 5.39 5.27 5.05 4.99 5.09 5.20 5.31 5.42 5.50 5.47 5.34 5.21 5.12 5.05 4.99 4.92 4.84 4.73 4.67 4.70 4.75 4.75 4.71 4.67 4.67 4.67 4.64 4.56 4.49 4.40 4.25 4.10 3.98 3.88 3.80 3.81 3.97 4.23 4.45 4.58 4.67 4.75 4.88 5.11 5.48
2.80 2.62 2.26 2.00 1.76 1.63 1.76 2.01 2.11 2.12 2.13 2.11 2.06 2.14 2.45 2.89 3.22 3.36 3.33 3.13 2.77 2.51 2.65 3.18 3.75 3.99 3.96 3.92 3.88 3.82 3.81 3.98 4.28 4.50 4.55 4.57 4.75 5.12 5.55 5.73 5.61 5.43 5.41 5.49 5.57 5.62 5.65 5.64 5.53 5.35 5.17 5.03 4.92 4.82 4.73 4.63 4.55 4.53 4.56 4.59 4.54 4.44 4.36 4.33 4.31 4.26 4.20 4.16 4.12 4.01 3.89 3.81 3.76 3.72 3.76 3.94 4.22 4.47 4.63 4.75 4.86 4.98 5.16 5.49
2.83 2.59 2.16 1.87 1.64 1.58 1.76 2.03 2.13 2.13 2.15 2.14 2.12 2.22 2.53 2.93 3.20 3.28 3.24 3.11 2.88 2.70 2.87 3.40 3.98 4.21 4.18 4.14 4.10 4.04 4.06 4.26 4.51 4.67 4.72 4.83 5.14 5.56 5.93 6.05 5.91 5.76 5.74 5.79 5.81 5.77 5.72 5.62 5.44 5.21 5.00 4.83 4.70 4.58 4.47 4.37 4.30 4.30 4.38 4.40 4.33 4.21 4.11 4.05 3.99 3.92 3.87 3.87 3.86 3.78 3.69 3.65 3.65 3.66 3.71 3.90 4.19 4.48 4.65 4.78 4.93 5.06 5.22 5.46
3.05 2.76 2.27 1.95 1.74 1.68 1.84 2.08 2.17 2.17 2.19 2.20 2.20 2.31 2.59 2.94 3.17 3.24 3.27 3.23 3.10 2.99 3.18 3.66 4.20 4.41 4.37 4.31 4.26 4.21 4.26 4.43 4.61 4.69 4.81 5.12 5.60 6.04 6.31 6.33 6.15 6.00 5.97 5.96 5.87 5.73 5.58 5.40 5.16 4.90 4.67 4.49 4.35 4.23 4.12 4.02 3.95 3.97 4.05 4.11 4.07 3.96 3.86 3.80 3.72 3.63 3.58 3.58 3.61 3.56 3.51 3.49 3.51 3.51 3.60 3.84 4.16 4.46 4.64 4.77 4.93 5.11 5.27 5.50
3.34 3.00 2.41 2.04 1.85 1.78 1.90 2.10 2.19 2.22 2.27 2.30 2.33 2.42 2.67 2.99 3.22 3.35 3.45 3.47 3.38 3.31 3.46 3.90 4.38 4.55 4.50 4.42 4.36 4.33 4.37 4.50 4.60 4.69 4.98 5.54 6.19 6.58 6.69 6.57 6.34 6.17 6.10 5.99 5.80 5.57 5.35 5.11 4.83 4.56 4.32 4.13 3.98 3.86 3.75 3.66 3.59 3.60 3.69 3.76 3.74 3.66 3.60 3.55 3.48 3.39 3.36 3.40 3.43 3.39 3.35 3.35 3.36 3.36 3.46 3.79 4.16 4.46 4.63 4.76 4.92 5.09 5.30 5.60
3.49 3.12 2.49 2.12 1.91 1.85 1.95 2.12 2.23 2.31 2.41 2.48 2.50 2.56 2.77 3.10 3.39 3.58 3.71 3.73 3.63 3.57 3.69 4.08 4.49 4.65 4.58 4.50 4.46 4.44 4.47 4.57 4.69 4.89 5.38 6.14 6.85 7.11 6.99 6.70 6.40 6.21 6.08 5.88 5.59 5.29 5.03 4.75 4.45 4.18 3.94 3.76 3.62 3.50 3.40 3.30 3.23 3.23 3.33 3.44 3.45 3.40 3.34 3.30 3.23 3.17 3.20 3.27 3.32 3.30 3.26 3.23 3.23 3.22 3.33 3.72 4.18 4.50 4.65 4.75 4.90 5.08 5.30 5.66
3.80 3.34 2.61 2.20 1.96 1.88 1.99 2.18 2.33 2.50 2.65 2.72 2.72 2.75 2.96 3.34 3.67 3.87 3.96 3.94 3.83 3.74 3.84 4.19 4.56 4.70 4.64 4.58 4.56 4.56 4.61 4.76 5.01 5.41 6.04 6.87 7.48 7.53 7.14 6.68 6.32 6.11 5.93 5.63 5.26 4.91 4.60 4.30 3.99 3.73 3.50 3.33 3.22 3.13 3.04 2.95 2.88 2.91 3.03 3.16 3.20 3.17 3.13 3.08 3.01 2.95 3.01 3.16 3.24 3.23 3.18 3.14 3.11 3.08 3.22 3.66 4.22 4.55 4.67 4.73 4.87 5.04 5.28 5.67
4.18 3.63 2.79 2.28 1.95 1.87 2.06 2.30 2.54 2.77 2.94 3.00 2.97 3.01 3.25 3.65 3.97 4.12 4.14 4.08 3.96 3.87 3.95 4.25 4.61 4.75 4.71 4.68 4.69 4.72 4.82 5.07 5.51 6.12 6.86 7.60 7.95 7.70 7.06 6.48 6.11 5.92 5.69 5.31 4.87 4.47 4.13 3.80 3.48 3.23 3.03 2.91 2.85 2.79 2.73 2.65 2.59 2.64 2.80 2.97 3.03 2.99 2.95 2.90 2.81 2.75 2.83 3.02 3.17 3.19 3.12 3.05 3.02 3.02 3.20 3.69 4.27 4.61 4.69 4.74 4.86 5.03 5.28 5.69
4.30 3.83 3.05 2.44 2.02 2.01 2.29 2.58 2.85 3.09 3.24 3.25 3.20 3.25 3.51 3.90 4.18 4.26 4.24 4.18 4.06 3.99 4.07 4.36 4.70 4.85 4.83 4.83 4.88 4.97 5.15 5.51 6.11 6.90 7.64 8.14 8.12 7.53 6.70 6.09 5.78 5.62 5.36 4.92 4.40 3.95 3.59 3.24 2.94 2.74 2.61 2.56 2.54 2.51 2.47 2.42 2.39 2.48 2.68 2.88 2.95 2.92 2.86 2.78 2.69 2.62 2.73 2.96 3.16 3.19 3.11 3.01 3.00 3.13 3.43 3.95 4.45 4.71 4.75 4.81 4.95 5.13 5.39 5.78
4.49 4.08 3.28 2.56 2.25 2.40 2.72 2.99 3.21 3.40 3.47 3.43 3.37 3.42 3.68 4.04 4.27 4.33 4.30 4.26 4.19 4.17 4.29 4.57 4.89 5.01 5.01 5.05 5.17 5.37 5.64 6.08 6.79 7.63 8.18 8.33 7.95 7.09 6.16 5.57 5.34 5.23 4.96 4.44 3.86 3.38 3.01 2.67 2.40 2.29 2.26 2.28 2.29 2.28 2.26 2.24 2.24 2.37 2.61 2.83 2.92 2.88 2.81 2.74 2.62 2.56 2.69 2.97 3.21 3.26 3.15 3.05 3.14 3.45 3.94 4.40 4.72 4.84 4.86 4.96 5.12 5.31 5.57 5.93
4.67 4.11 3.05 2.60 2.58 2.88 3.16 3.36 3.51 3.63 3.65 3.57 3.50 3.54 3.78 4.11 4.34 4.40 4.40 4.40 4.39 4.46 4.63 4.91 5.14 5.18 5.18 5.31 5.56 5.85 6.21 6.73 7.45 8.11 8.35 8.12 7.49 6.52 5.59 5.03 4.86 4.79 4.52 3.96 3.33 2.83 2.46 2.14 1.93 1.91 1.98 2.07 2.11 2.12 2.12 2.12 2.14 2.29 2.58 2.82 2.92 2.88 2.80 2.73 2.61 2.54 2.71 3.03 3.31 3.37 3.27 3.23 3.46 3.95 4.48 4.78 4.91 4.93 4.98 5.12 5.31 5.48 5.71 6.02
5.00 3.87 2.78 2.79 3.03 3.32 3.54 3.67 3.78 3.85 3.84 3.75 3.68 3.71 3.92 4.24 4.47 4.55 4.59 4.63 4.68 4.81 5.01 5.21 5.28 5.23 5.30 5.59 5.96 6.32 6.74 7.25 7.85 8.24 8.11 7.57 6.81 5.86 4.98 4.46 4.35 4.34 4.08 3.49 2.84 2.34 2.02 1.76 1.63 1.70 1.89 2.04 2.10 2.12 2.13 2.14 2.17 2.33 2.62 2.87 2.98 2.94 2.87 2.80 2.70 2.66 2.84 3.19 3.49 3.57 3.50 3.57 3.91 4.43 4.82 4.95 4.95 4.95 5.04 5.22 5.41 5.57 5.76 6.02
4.26 3.84 3.20 3.43 3.65 3.83 3.94 4.02 4.07 4.09 4.06 3.98 3.92 3.96 4.16 4.47 4.71 4.82 4.88 4.94 5.02 5.14 5.29 5.36 5.28 5.23 5.46 5.94 6.38 6.74 7.10 7.50 7.92 8.05 7.61 6.85 6.04 5.14 4.31 3.86 3.84 3.89 3.65 3.04 2.38 1.93 1.68 1.52 1.48 1.67 1.96 2.18 2.28 2.29 2.30 2.30 2.32 2.46 2.72 2.98 3.10 3.09 3.04 2.99 2.93 2.92 3.11 3.46 3.75 3.83 3.84 3.98 4.31 4.70 4.91 4.92 4.89 4.92 5.05 5.26 5.46 5.59 5.76 5.99
4.03 3.96 3.92 4.08 4.13 4.17 4.20 4.21 4.22 4.22 4.19 4.14 4.10 4.15 4.38 4.71 4.97 5.10 5.16 5.22 5.30 5.38 5.44 5.39 5.27 5.32 5.76 6.36 6.78 7.05 7.29 7.52 7.76 7.71 7.10 6.22 5.39 4.53 3.79 3.43 3.48 3.57 3.31 2.68 2.04 1.66 1.49 1.41 1.46 1.73 2.13 2.41 2.51 2.51 2.48 2.45 2.45 2.57 2.82 3.12 3.29 3.31 3.30 3.29 3.26 3.27 3.45 3.78 4.02 4.12 4.16 4.31 4.56 4.79 4.89 4.88 4.87 4.93 5.10 5.33 5.53 5.65 5.79 5.99
3.64 3.72 3.87 3.92 3.91 3.91 3.92 3.93 3.95 3.98 3.99 3.99 4.00 4.11 4.42 4.82 5.11 5.25 5.32 5.38 5.44 5.49 5.49 5.42 5.34 5.52 6.11 6.75 7.10 7.24 7.36 7.45 7.54 7.39 6.73 5.83 5.04 4.31 3.72 3.46 3.50 3.49 3.16 2.52 1.92 1.60 1.48 1.45 1.53 1.87 2.32 2.61 2.65 2.57 2.50 2.47 2.49 2.63 2.94 3.32 3.55 3.63 3.66 3.68 3.67 3.69 3.86 4.11 4.34 4.44 4.49 4.62 4.78 4.91 4.97 4.97 5.00 5.11 5.30 5.54 5.73 5.82 5.92 6.05
3.20 3.15 3.07 3.05 3.07 3.11 3.17 3.25 3.34 3.44 3.52 3.59 3.66 3.86 4.29 4.78 5.12 5.28 5.35 5.42 5.48 5.52 5.52 5.49 5.50 5.79 6.45 7.09 7.37 7.42 7.44 7.42 7.41 7.19 6.53 5.68 4.99 4.44 4.05 3.85 3.77 3.57 3.12 2.48 1.93 1.64 1.53 1.52 1.63 1.99 2.45 2.70 2.65 2.47 2.37 2.39 2.49 2.72 3.14 3.64 3.98 4.09 4.14 4.18 4.19 4.23 4.37 4.59 4.79 4.87 4.89 4.98 5.09 5.17 5.21 5.26 5.35 5.51 5.73 5.94 6.08 6.11 6.12 6.16
2.98 2.65 2.30 2.29 2.36 2.48 2.60 2.74 2.90 3.08 3.22 3.35 3.47 3.74 4.25 4.81 5.19 5.36 5.44 5.51 5.57 5.62 5.66 5.68 5.77 6.13 6.84 7.46 7.67 7.63 7.55 7.44 7.32 7.00 6.31 5.53 4.96 4.57 4.30 4.09 3.85 3.48 2.95 2.35 1.87 1.61 1.52 1.53 1.67 2.05 2.52 2.73 2.60 2.38 2.32 2.43 2.63 2.98 3.53 4.14 4.50 4.61 4.66 4.71 4.75 4.81 4.96 5.16 5.30 5.28 5.27 5.34 5.41 5.48 5.56 5.66 5.83 6.03 6.22 6.37 6.42 6.36 6.27 6.19
3.11 2.64 2.21 2.19 2.29 2.45 2.61 2.77 2.98 3.20 3.39 3.56 3.73 4.05 4.58 5.14 5.50 5.65 5.72 5.79 5.86 5.94 6.01 6.09 6.23 6.61 7.27 7.82 7.93 7.77 7.57 7.33 7.09 6.65 5.89 5.14 4.63 4.30 4.03 3.74 3.40 2.97 2.47 2.00 1.65 1.47 1.44 1.52 1.73 2.16 2.64 2.84 2.72 2.54 2.56 2.77 3.07 3.50 4.10 4.72 5.03 5.10 5.14 5.19 5.21 5.30 5.46 5.59 5.60 5.51 5.52 5.61 5.73 5.83 5.95 6.09 6.28 6.46 6.59 6.63 6.57 6.41 6.22 6.05
3.35 2.98 2.58 2.53 2.66 2.82 2.98 3.16 3.40 3.65 3.87 4.09 4.32 4.67 5.19 5.69 5.99 6.10 6.17 6.25 6.35 6.46 6.58 6.69 6.86 7.21 7.75 8.14 8.09 7.78 7.42 7.05 6.69 6.17 5.37 4.61 4.10 3.75 3.42 3.07 2.71 2.31 1.91 1.57 1.35 1.28 1.36 1.54 1.84 2.32 2.82 3.07 3.03 2.96 3.09 3.39 3.75 4.23 4.80 5.34 5.58 5.62 5.63 5.63 5.65 5.72 5.82 5.84 5.76 5.71 5.82 5.99 6.16 6.30 6.46 6.61 6.75 6.86 6.86 6.76 6.58 6.33 6.06 5.84
3.33 3.07 2.82 2.90 3.03 3.19 3.36 3.58 3.86 4.14 4.40 4.66 4.95 5.34 5.85 6.28 6.49 6.58 6.66 6.77 6.89 7.02 7.16 7.28 7.44 7.73 8.13 8.29 8.06 7.58 7.10 6.63 6.20 5.65 4.84 4.09 3.57 3.20 2.85 2.49 2.16 1.81 1.48 1.23 1.12 1.17 1.36 1.64 2.00 2.52 3.07 3.41 3.46 3.50 3.71 4.06 4.48 4.95 5.47 5.91 6.09 6.09 6.05 6.02 6.01 6.03 6.05 6.00 5.94 6.01 6.22 6.43 6.61 6.76 6.91 7.02 7.07 7.04 6.89 6.69 6.44 6.14 5.84 5.59
3.22 3.00 2.96 3.13 3.31 3.51 3.74 4.01 4.34 4.65 4.94 5.23 5.56 5.98 6.46 6.79 6.95 7.04 7.13 7.25 7.37 7.47 7.55 7.62 7.71 7.91 8.16 8.17 7.76 7.14 6.57 6.05 5.60 5.05 4.28 3.57 3.07 2.70 2.36 2.04 1.75 1.44 1.17 1.04 1.06 1.25 1.55 1.87 2.27 2.82 3.44 3.85 3.96 4.01 4.24 4.60 5.03 5.46 5.92 6.30 6.42 6.37 6.29 6.22 6.17 6.15 6.12 6.07 6.07 6.25 6.53 6.71 6.81 6.89 6.98 7.01 6.94 6.77 6.52 6.27 6.01 5.72 5.44 5.23
3.19 3.14 3.16 3.34 3.60 3.89 4.22 4.57 4.93 5.25 5.55 5.86 6.21 6.62 7.01 7.28 7.44 7.55 7.67 7.76 7.81 7.82 7.80 7.77 7.76 7.84 7.93 7.78 7.22 6.51 5.90 5.40 4.96 4.46 3.74 3.08 2.60 2.25 1.94 1.64 1.37 1.10 0.95 0.98 1.19 1.49 1.83 2.17 2.60 3.21 3.89 4.34 4.43 4.45 4.66 5.03 5.45 5.86 6.29 6.60 6.65 6.53 6.39 6.29 6.23 6.19 6.18 6.16 6.21 6.41 6.70 6.84 6.85 6.84 6.83 6.73 6.53 6.28 6.01 5.79 5.56 5.32 5.09 4.92
3.12 3.11 3.26 3.56 3.91 4.31 4.72 5.13 5.50 5.82 6.13 6.46 6.80 7.16 7.49 7.73 7.92 8.06 8.13 8.13 8.06 7.95 7.82 7.70 7.61 7.58 7.52 7.24 6.58 5.85 5.26 4.78 4.37 3.88 3.22 2.61 2.18 1.85 1.55 1.26 1.03 0.85 0.85 1.06 1.41 1.75 2.07 2.44 2.94 3.62 4.35 4.77 4.83 4.83 5.04 5.43 5.87 6.28 6.65 6.87 6.83 6.64 6.47 6.38 6.31 6.28 6.28 6.28 6.33 6.52 6.76 6.90 6.84 6.76 6.67 6.48 6.21 5.95 5.70 5.48 5.26 5.02 4.80 4.63
3.03 3.09 3.39 3.76 4.20 4.67 5.13 5.56 5.93 6.28 6.63 6.97 7.29 7.60 7.87 8.09 8.25 8.32 8.25 8.08 7.88 7.66 7.44 7.25 7.10 6.98 6.82 6.44 5.77 5.09 4.58 4.15 3.74 3.26 2.68 2.16 1.77 1.48 1.21 0.96 0.83 0.79 0.93 1.26 1.61 1.88 2.20 2.66 3.26 4.00 4.73 5.10 5.13 5.14 5.39 5.81 6.25 6.62 6.92 7.03 6.90 6.67 6.50 6.42 6.38 6.35 6.33 6.30 6.30 6.41 6.62 6.73 6.66 6.56 6.42 6.16 5.86 5.59 5.35 5.11 4.86 4.61 4.41 4.27
3.13 3.30 3.65 4.05 4.54 5.05 5.53 6.00 6.46 6.88 7.24 7.55 7.81 8.05 8.24 8.38 8.42 8.31 8.05 7.73 7.43 7.14 6.87 6.65 6.45 6.24 5.97 5.55 4.96 4.41 3.98 3.58 3.17 2.69 2.15 1.70 1.38 1.16 0.93 0.75 0.75 0.86 1.09 1.43 1.71 1.95 2.33 2.93 3.63 4.38 5.07 5.41 5.43 5.46 5.72 6.16 6.59 6.92 7.12 7.14 6.97 6.74 6.57 6.49 6.44 6.40 6.34 6.24 6.18 6.23 6.35 6.42 6.32 6.20 6.04 5.74 5.43 5.16 4.92 4.68 4.44 4.22 4.05 3.92
3.24 3.45 3.87 4.35 4.89 5.42 5.95 6.52 7.06 7.47 7.74 7.94 8.11 8.25 8.34 8.34 8.22 7.96 7.60 7.23 6.90 6.59 6.30 6.05 5.80 5.52 5.19 4.79 4.31 3.88 3.51 3.11 2.62 2.09 1.61 1.29 1.09 0.97 0.82 0.75 0.86 1.08 1.34 1.64 1.88 2.14 2.62 3.32 4.05 4.76 5.40 5.72 5.74 5.78 6.05 6.47 6.87 7.14 7.26 7.21 7.01 6.76 6.56 6.43 6.35 6.26 6.16 6.03 5.94 5.96 6.07 6.10 5.99 5.86 5.70 5.41 5.11 4.86 4.63 4.39 4.16 3.96 3.81 3.68
3.29 3.51 3.98 4.55 5.19 5.77 6.36 6.98 7.45 7.70 7.77 7.81 7.88 7.93 7.91 7.79 7.56 7.24 6.88 6.54 6.24 5.93 5.65 5.38 5.10 4.79 4.47 4.12 3.74 3.40 3.07 2.62 2.02 1.42 1.10 1.01 0.99 0.96 0.90 0.96 1.20 1.47 1.74 2.02 2.27 2.59 3.14 3.83 4.49 5.14 5.72 6.03 6.04 6.08 6.33 6.71 7.06 7.24 7.25 7.10 6.82 6.49 6.19 6.00 5.86 5.74 5.60 5.46 5.39 5.50 5.69 5.76 5.70 5.60 5.46 5.18 4.88 4.63 4.39 4.12 3.87 3.69 3.54 3.41
3.44 3.66 4.18 4.87 5.61 6.23 6.82 7.36 7.63 7.62 7.50 7.42 7.41 7.37 7.25 7.05 6.79 6.47 6.14 5.84 5.55 5.25 4.96 4.68 4.39 4.09 3.80 3.49 3.16 2.88 2.57 2.07 1.41 0.84 0.77 0.94 1.05 1.10 1.15 1.35 1.65 1.96 2.25 2.53 2.80 3.16 3.70 4.32 4.91 5.51 6.04 6.33 6.34 6.35 6.54 6.85 7.11 7.19 7.07 6.82 6.46 6.04 5.65 5.40 5.24 5.09 4.95 4.81 4.75 4.90 5.19 5.39 5.39 5.35 5.24 4.96 4.63 4.34 4.05 3.75 3.48 3.31 3.18 3.08
3.63 3.86 4.48 5.28 6.05 6.63 7.11 7.44 7.46 7.27 7.08 6.97 6.91 6.81 6.63 6.41 6.16 5.86 5.51 5.19 4.90 4.59 4.29 4.01 3.73 3.45 3.17 2.88 2.58 2.35 2.07 1.59 0.98 0.60 0.72 1.02 1.23 1.35 1.51 1.76 2.07 2.38 2.67 2.95 3.22 3.59 4.10 4.69 5.25 5.82 6.34 6.61 6.60 6.58 6.71 6.94 7.12 7.12 6.92 6.61 6.24 5.81 5.43 5.19 5.03 4.88 4.73 4.59 4.51 4.64 4.94 5.19 5.23 5.21 5.13 4.86 4.52 4.22 3.92 3.59 3.33 3.18 3.06 3.00
3.81 4.04 4.68 5.52 6.26 6.71 7.02 7.13 6.92 6.61 6.43 6.36 6.30 6.18 6.00 5.80 5.57 5.26 4.89 4.54 4.24 3.94 3.65 3.39 3.13 2.87 2.59 2.31 2.07 1.90 1.67 1.29 0.84 0.59 0.80 1.19 1.46 1.65 1.83 2.08 2.35 2.62 2.90 3.14 3.39 3.74 4.27 4.87 5.46 6.04 6.58 6.84 6.81 6.76 6.87 7.08 7.23 7.21 7.02 6.76 6.46 6.12 5.81 5.60 5.46 5.32 5.19 5.05 4.96 5.04 5.27 5.47 5.50 5.47 5.39 5.13 4.82 4.54 4.25 3.95 3.72 3.57 3.47 3.41
3.99 4.21 4.84 5.67 6.35 6.67 6.82 6.77 6.38 5.98 5.79 5.74 5.71 5.60 5.44 5.28 5.07 4.73 4.32 3.93 3.60 3.31 3.04 2.79 2.54 2.28 2.01 1.78 1.64 1.54 1.39 1.16 0.86 0.71 0.97 1.38 1.67 1.86 2.05 2.28 2.53 2.77 3.01 3.22 3.45 3.80 4.36 5.02 5.65 6.26 6.81 7.07 7.03 7.00 7.14 7.37 7.53 7.52 7.37 7.19 6.99 6.75 6.53 6.37 6.24 6.11 5.98 5.86 5.76 5.78 5.92 6.04 6.03 5.96 5.84 5.59 5.32 5.08 4.84 4.59 4.39 4.24 4.12 4.05
4.19 4.42 5.05 5.87 6.49 6.71 6.75 6.60 6.12 5.67 5.46 5.41 5.39 5.29 5.15 5.01 4.78 4.36 3.83 3.36 3.00 2.71 2.46 2.22 1.96 1.70 1.51 1.39 1.36 1.33 1.25 1.14 0.97 0.93 1.22 1.59 1.83 2.00 2.22 2.49 2.75 2.98 3.20 3.41 3.64 4.01 4.60 5.29 5.95 6.58 7.11 7.36 7.34 7.35 7.54 7.77 7.89 7.83 7.66 7.48 7.29 7.08 6.89 6.74 6.62 6.50 6.37 6.26 6.18 6.18 6.29 6.36 6.31 6.20 6.03 5.78 5.54 5.33 5.12 4.89 4.69 4.53 4.41 4.33
