WindNinja-Server/data/job/23becdaadf7c4ec2993497261e63d813/wncli/results/20171026T1600_ang.asc
ncols	108
nrows	170
xllcorner	726299.000000
yllcorner	5208948.000000
cellsize	29.150477
NODATA_value	-32768.000000
[rows 126 to 167 of 170, columns 0 to 93 of 108]
137 137 137 137 137 136 133 131 132 133 133 131 128 127 128 129 129 128 126 124 123 122 122 124 127 128 128 128 127 125 123 124 129 133 133 131 129 127 125 125 128 133 137 137 136 136 137 139 143 149 156 160 160 159 160 161 163 169 176 180 180 179 181 190 200 206 207 207 207 198 184 171 157 146 139 136 132 129 127 125 124 123 121 119 116 114 113 113 114 114 115 116 119 131
136 137 136 136 137 135 133 131 131 132 132 131 129 127 127 126 125 124 122 120 119 120 122 124 126 128 129 128 128 126 124 125 130 134 134 132 131 129 126 125 127 132 135 135 134 134 134 136 139 146 154 159 159 158 159 161 164 170 176 180 181 181 185 196 206 212 211 211 210 198 180 166 154 146 140 136 132 128 126 124 123 122 121 119 115 112 111 111 111 112 113 115 119 130
135 135 135 135 135 134 132 131 130 130 130 129 127 125 124 123 121 120 119 119 119 121 123 124 126 127 128 128 127 125 123 124 128 132 132 131 130 128 126 125 128 132 135 135 135 135 134 135 138 145 153 157 157 157 159 161 164 170 177 181 183 185 193 205 215 219 217 215 213 197 174 158 148 142 137 133 129 126 124 123 122 122 121 119 115 112 110 109 110 112 115 117 122 132
133 134 134 134 134 133 132 131 129 128 128 127 125 123 121 119 117 117 117 117 118 120 122 123 125 126 127 127 126 124 122 123 126 129 129 128 127 127 126 126 129 134 137 137 137 137 136 136 138 144 152 156 156 157 159 161 164 170 177 182 187 194 206 221 229 231 226 221 216 194 165 148 141 136 132 128 125 123 123 123 123 123 122 120 116 113 111 110 111 114 118 121 125 134
131 132 133 133 133 132 131 130 128 126 125 124 123 121 119 116 114 114 114 114 115 118 120 122 124 125 125 125 125 123 121 121 124 126 126 125 124 125 126 127 131 135 138 138 138 138 137 136 137 143 151 155 155 156 159 161 165 172 180 187 197 211 229 242 247 244 236 227 217 187 154 139 134 132 130 126 123 122 123 123 123 123 123 121 117 114 112 112 112 115 119 123 128 136
129 130 131 131 131 130 129 128 126 124 122 121 120 119 116 114 112 112 112 112 113 115 118 121 123 124 124 124 123 121 119 119 121 122 122 121 121 123 124 126 130 134 136 136 136 135 134 133 134 140 149 153 154 157 161 163 168 176 186 199 216 234 249 257 256 248 235 222 208 176 147 135 133 133 132 128 123 122 122 123 123 123 122 120 117 115 113 112 112 115 119 124 129 138
127 128 129 129 128 127 126 125 123 120 118 117 117 116 114 111 110 109 110 110 111 113 116 119 121 122 121 120 119 117 115 115 117 118 118 118 118 120 122 124 126 130 132 132 131 130 129 126 126 131 140 146 149 156 163 166 175 194 219 241 253 260 265 265 257 240 223 212 197 168 143 133 132 134 134 129 124 121 122 122 122 122 122 120 117 115 113 112 112 114 119 124 131 140
126 126 127 127 126 125 124 123 120 117 115 115 115 114 112 110 109 109 110 110 111 112 114 117 120 120 118 118 116 115 114 114 117 119 119 117 117 119 121 123 125 128 130 130 129 127 125 123 121 122 128 135 142 156 172 187 244 290 303 301 293 284 277 270 251 225 209 202 186 159 140 132 132 134 134 129 124 122 122 122 123 122 122 120 118 115 113 112 112 114 118 124 132 142
125 125 126 126 126 126 125 123 121 118 117 117 117 117 115 113 112 113 114 115 115 114 116 120 123 124 124 124 123 122 122 123 125 127 126 123 121 123 126 129 131 134 135 135 133 132 130 129 128 131 137 143 153 175 198 219 251 280 296 301 297 286 277 264 234 205 194 188 174 153 139 133 134 136 136 131 126 124 124 125 124 124 123 121 119 116 114 113 112 114 118 125 132 142
124 125 126 127 128 128 127 126 123 121 120 120 122 122 121 119 118 119 121 122 121 120 121 125 130 132 132 133 133 133 133 134 136 137 135 131 129 131 135 138 141 143 144 144 142 141 141 141 143 148 154 158 169 191 211 224 243 264 283 296 300 293 281 262 205 176 172 170 163 149 139 135 136 138 138 133 129 127 127 127 127 126 124 122 120 117 115 114 113 114 119 125 132 142
124 125 126 127 128 128 128 127 125 122 121 122 125 125 124 122 122 123 126 126 125 123 124 129 134 136 137 138 138 138 138 139 141 142 141 137 134 136 139 143 146 149 150 150 148 147 147 149 152 157 160 166 179 205 227 241 258 275 290 301 308 305 291 230 152 151 154 156 154 146 139 136 137 139 139 135 130 128 129 130 129 128 125 123 121 119 117 115 114 115 119 125 131 141
123 124 126 127 127 127 127 126 124 121 120 121 123 124 123 121 121 123 126 127 125 123 124 128 133 134 134 135 136 136 137 138 141 142 140 136 133 135 138 141 145 148 150 149 147 146 147 149 152 155 159 168 198 244 268 280 288 295 301 303 303 289 212 157 149 150 151 152 151 145 139 137 137 139 139 135 131 129 131 132 131 129 126 124 122 120 118 116 115 116 120 125 131 140
122 123 125 126 126 126 126 125 122 119 117 118 120 121 120 119 119 121 124 126 124 121 121 125 128 128 128 128 129 131 133 135 138 139 138 133 130 131 135 137 141 144 147 145 143 142 144 146 148 151 156 217 301 307 311 315 314 315 316 310 283 184 158 152 151 151 151 151 150 145 140 137 138 140 140 136 132 130 132 134 134 131 127 125 124 122 119 117 115 116 120 125 131 138
121 122 124 125 125 125 125 124 122 118 116 116 117 119 119 118 118 120 124 126 124 120 120 122 125 124 122 122 124 128 131 134 136 138 136 131 127 128 131 134 137 141 143 142 140 139 141 142 144 151 307 320 323 322 324 327 326 330 337 341 154 150 147 148 149 150 150 150 150 145 140 137 138 140 140 137 133 131 133 135 136 132 128 126 124 123 120 118 116 117 121 126 131 136
119 121 123 124 125 125 125 124 122 118 115 115 117 119 119 118 118 121 125 126 124 120 120 122 124 124 122 121 124 128 132 134 135 137 134 129 124 124 127 129 132 136 138 136 133 132 131 122 62 338 324 323 324 323 324 326 327 340 115 142 146 143 142 144 146 147 148 149 148 144 139 137 138 140 140 137 134 132 134 137 138 134 129 126 124 123 120 118 116 117 121 126 131 135
117 119 122 123 124 125 125 124 122 118 116 116 118 119 120 119 118 121 125 126 124 121 121 124 127 127 124 123 125 128 132 133 135 136 134 127 122 122 124 125 127 129 130 129 125 117 77 5 348 338 329 327 328 328 327 328 341 142 145 147 144 141 140 141 144 145 145 147 147 143 139 137 138 140 140 138 135 134 136 139 139 135 130 126 124 122 120 117 115 116 120 126 131 136
117 119 121 123 124 124 124 124 122 119 117 117 118 118 118 117 117 120 124 126 124 122 122 126 129 129 126 123 123 126 130 131 134 137 134 126 121 120 121 122 122 121 120 117 105 27 348 343 341 337 333 332 337 342 353 71 130 139 144 146 143 140 139 140 142 143 144 145 145 142 138 136 137 139 140 138 136 135 136 139 139 135 130 126 124 122 119 117 115 115 120 126 132 136
116 117 120 121 122 122 123 122 120 118 116 116 116 115 115 114 115 118 123 126 124 123 123 127 130 129 125 120 120 123 126 128 132 137 134 125 120 119 121 121 118 110 100 81 14 341 340 341 340 338 335 336 348 15 70 113 129 136 141 144 142 139 139 140 141 141 142 144 144 141 138 136 137 139 139 138 136 135 136 138 138 134 129 125 123 121 118 116 114 114 119 125 130 134
114 116 119 120 120 121 121 120 119 116 114 114 113 112 112 111 112 116 121 124 123 122 123 126 129 128 123 118 117 119 121 124 130 136 131 122 117 118 121 122 114 87 47 9 346 340 342 344 345 345 343 347 15 70 103 119 128 134 139 141 140 139 139 140 140 140 141 143 143 141 137 136 137 139 139 138 136 135 135 137 136 132 128 124 122 119 117 114 112 113 117 123 128 130
114 116 118 118 119 119 119 119 118 115 113 112 111 110 109 109 109 113 118 121 122 122 123 126 129 128 122 117 115 115 116 119 127 134 127 116 112 114 120 122 85 17 357 346 340 341 345 349 352 355 359 16 68 99 113 123 130 134 138 140 140 139 140 140 140 140 140 141 141 139 136 135 136 138 139 137 135 134 135 136 135 131 127 123 120 118 116 113 111 111 115 121 125 128
113 114 116 117 117 118 118 117 116 114 112 110 109 108 107 106 106 109 114 118 119 120 122 125 127 126 121 116 113 112 113 117 127 135 126 111 105 105 109 71 342 341 339 338 338 340 347 354 359 8 26 71 102 113 120 127 132 135 138 140 140 141 141 141 140 139 139 139 138 137 135 133 134 136 137 135 134 132 133 134 133 129 125 122 119 117 114 112 110 110 114 119 123 126
111 112 115 116 116 116 116 116 115 113 110 109 108 107 106 104 104 105 109 113 116 118 120 124 126 125 121 115 113 111 111 115 126 137 124 105 95 86 58 343 335 334 335 339 341 344 352 2 17 44 85 110 117 120 124 130 134 136 138 139 140 141 142 141 140 139 138 138 136 135 133 132 132 134 135 134 132 131 131 132 131 128 124 120 118 115 113 111 109 109 112 117 121 124
113 114 115 115 115 115 115 114 113 111 109 108 107 106 105 103 101 102 105 110 114 118 120 123 126 125 120 116 113 111 109 112 124 136 119 94 79 53 360 335 335 336 337 343 349 356 7 25 57 91 112 118 119 120 124 128 131 134 135 136 138 139 140 139 138 137 136 135 134 133 132 131 132 134 135 134 132 131 132 133 132 128 124 121 118 116 113 110 108 109 112 116 119 122
113 114 114 114 113 113 113 112 111 110 108 106 105 105 104 102 101 101 104 109 114 118 120 123 126 125 119 115 113 111 108 109 120 134 111 81 60 18 338 328 332 335 337 346 359 14 29 49 72 91 104 110 112 114 117 121 124 127 128 129 131 133 135 134 134 133 133 132 131 131 131 131 133 136 137 137 135 135 135 136 135 131 126 123 120 117 114 112 110 110 113 116 119 121
113 113 113 113 112 112 111 110 109 108 107 106 105 104 104 103 102 103 105 109 114 117 119 122 125 124 118 114 112 110 107 107 116 128 95 61 34 355 332 326 330 334 338 352 13 33 50 64 76 86 96 102 105 107 110 114 117 119 121 122 124 126 128 129 129 129 129 129 129 130 130 131 134 138 140 140 139 138 139 140 139 134 128 125 122 119 116 113 111 111 114 117 119 120
117 116 115 114 113 113 112 111 110 110 109 108 107 107 106 106 106 106 107 110 114 117 119 122 126 124 117 113 112 110 107 104 107 104 45 25 4 342 331 327 330 334 340 0 31 55 71 82 89 94 99 104 105 107 109 113 115 117 119 120 122 124 126 127 127 128 128 128 128 129 130 131 134 139 141 141 140 140 140 141 140 135 129 125 123 120 117 114 111 111 113 115 117 118
120 120 120 119 118 118 117 116 115 115 114 113 113 112 112 112 112 112 111 113 116 119 121 125 130 126 117 112 111 109 105 97 82 17 356 351 342 336 330 327 331 335 343 16 57 79 92 102 107 108 110 111 111 112 114 116 119 120 121 122 123 125 126 127 128 128 128 128 128 129 130 131 134 138 141 141 139 139 140 141 140 135 129 125 122 120 117 113 110 109 110 112 113 115
120 121 123 122 122 122 121 120 120 120 119 119 118 117 116 116 116 116 115 116 119 122 123 127 132 128 117 110 108 106 99 80 31 348 342 337 333 333 332 331 335 341 355 53 84 96 106 117 123 121 119 118 117 117 118 120 122 123 124 125 125 126 127 128 129 129 129 129 128 129 129 130 133 138 141 141 139 138 139 141 140 134 128 124 122 120 117 113 109 107 107 108 109 112
117 119 122 122 122 122 122 121 121 121 121 120 119 119 118 117 117 117 115 114 116 118 120 124 130 126 114 107 103 99 86 46 2 341 337 333 330 333 335 337 345 358 47 94 101 107 116 129 135 131 126 123 122 121 122 123 125 126 126 126 126 127 127 128 130 131 130 130 129 129 130 130 133 139 142 142 139 138 140 142 141 135 127 123 121 119 117 113 109 106 104 105 108 112
115 116 119 120 120 120 120 119 119 119 119 119 119 119 117 116 114 113 110 107 107 109 112 117 124 121 110 102 96 87 57 14 352 339 338 334 331 335 340 347 9 68 114 115 112 115 125 138 143 138 131 128 125 124 124 126 127 127 128 128 127 127 127 129 131 132 132 132 131 131 131 131 134 140 144 143 140 139 141 143 142 135 128 123 121 119 116 113 109 105 104 106 110 114
115 115 117 117 117 117 117 117 117 117 117 118 118 118 116 113 109 106 101 98 98 100 103 110 118 116 105 95 84 64 22 359 348 341 341 340 337 343 356 28 89 122 130 125 120 121 131 143 148 142 135 131 129 127 126 127 128 129 129 129 128 128 128 130 133 134 134 133 132 132 132 132 135 140 144 143 141 140 142 144 143 136 128 123 120 118 116 113 109 107 106 109 113 117
113 114 115 115 115 115 116 116 115 115 115 115 116 115 112 107 102 97 93 91 91 94 97 103 109 106 94 83 67 38 3 352 347 342 344 346 346 3 54 103 125 136 138 131 125 126 135 146 150 144 138 134 131 128 128 129 129 130 130 130 129 128 128 131 133 135 135 134 133 133 132 132 135 141 144 143 141 140 142 144 143 135 127 122 119 117 115 113 110 109 109 111 114 118
111 112 114 115 115 115 115 115 114 113 111 111 110 109 105 100 95 91 88 87 88 89 90 92 93 88 79 67 49 21 357 350 348 345 349 353 6 91 120 131 138 144 143 136 130 130 138 148 151 146 140 136 133 130 129 130 131 131 131 130 130 128 128 130 133 135 135 134 133 132 131 131 135 140 144 142 140 140 141 143 142 133 125 120 117 116 115 113 112 112 112 113 115 118
112 113 114 114 114 113 113 113 112 109 106 104 103 101 98 95 91 89 87 85 84 83 80 78 76 72 65 53 34 11 357 355 357 357 6 34 116 134 138 142 146 148 146 139 133 133 141 150 152 148 142 139 135 132 131 132 132 132 132 131 130 129 128 131 134 135 135 134 132 131 130 131 134 139 143 142 140 140 141 143 141 132 123 118 117 116 115 115 114 114 114 114 116 118
110 111 112 112 111 110 109 108 107 104 100 97 96 95 95 93 91 89 87 84 81 77 73 68 65 64 58 42 23 8 0 5 17 34 84 126 140 142 143 146 149 150 147 141 135 136 143 151 153 150 145 142 138 135 134 134 134 134 133 132 131 129 129 131 134 136 135 133 132 131 129 129 132 138 141 141 140 141 142 144 142 132 124 119 118 117 117 116 116 115 115 114 115 117
108 108 108 107 105 104 102 101 100 98 94 92 91 91 92 91 90 88 85 81 78 73 68 63 59 57 49 31 17 13 16 39 78 115 135 144 147 146 146 149 151 151 149 143 138 139 145 152 155 152 147 144 141 138 137 136 136 135 135 133 132 130 130 131 134 136 135 132 131 129 127 127 130 135 139 140 140 142 143 145 143 134 125 121 119 119 118 117 116 115 114 113 113 115
108 107 104 102 100 98 97 95 94 92 91 90 89 89 89 88 87 85 82 78 74 70 65 59 54 50 40 26 23 32 56 92 119 134 143 148 150 149 150 153 154 153 150 146 141 141 147 154 156 153 149 147 144 141 139 139 138 137 136 135 133 132 131 132 134 135 134 131 129 127 125 125 128 133 137 138 140 142 144 146 144 136 127 123 121 120 119 118 117 115 114 112 112 113
109 107 103 100 99 98 96 94 91 90 90 89 89 88 86 85 83 82 79 76 72 68 64 59 53 48 40 34 44 70 96 117 132 140 146 150 152 153 156 158 158 156 153 149 144 144 149 156 158 155 151 148 145 143 141 140 138 137 136 135 134 132 130 131 134 135 133 130 128 126 124 124 127 132 136 138 140 143 144 147 146 138 130 125 124 123 121 120 118 116 114 112 111 112
109 107 103 101 100 98 96 93 90 88 87 87 86 84 81 79 78 77 75 73 69 66 62 59 56 53 52 56 80 104 118 130 139 145 149 152 155 157 159 161 161 158 156 152 148 147 152 158 160 157 153 149 147 145 143 140 138 137 136 135 133 132 130 130 133 134 132 130 127 125 123 123 126 131 135 137 140 143 145 147 147 141 133 129 127 126 124 122 120 119 116 114 112 112
112 109 105 103 101 98 94 90 87 85 83 81 79 77 76 74 74 73 72 70 67 63 61 61 62 65 72 89 111 121 128 135 142 147 150 153 156 158 160 162 161 159 157 154 150 149 153 159 161 158 154 150 148 147 145 141 138 137 136 135 133 131 129 129 130 131 130 127 125 123 121 121 124 128 133 135 138 141 144 146 146 142 136 132 130 128 126 124 122 120 117 114 112 111
117 114 109 105 101 97 92 87 84 81 78 76 74 72 72 72 71 72 71 69 65 61 61 65 70 79 93 111 123 127 130 136 141 145 148 151 154 156 158 160 160 158 156 153 150 149 153 158 160 157 154 151 150 148 146 142 137 136 135 134 132 129 127 125 126 126 124 122 121 119 117 116 119 124 128 130 134 138 140 143 143 140 136 133 131 128 126 124 122 120 116 112 109 106
121 118 112 106 99 93 88 83 79 76 73 70 69 68 69 70 70 70 69 67 63 59 62 69 78 89 105 122 130 131 133 136 140 144 147 149 151 154 156 158 159 157 156 154 150 149 152 156 158 157 154 152 151 150 148 143 137 135 134 131 128 124 120 118 118 117 116 116 114 113 111 109 111 115 118 122 127 132 135 139 140 138 135 134 132 129 126 124 121 118 114 109 104 100
