WindNinja-Server/data/job/23becdaadf7c4ec2993497261e63d813/wncli/results/20171026T1500_ang.asc
ncols	108
nrows	170
xllcorner	726299.000000
yllcorner	5208948.000000
cellsize	29.150477
NODATA_value	-32768.000000
[rows 0 to 41 of 170, columns 0 to 93 of 108]
135 126 103 89 85 78 77 74 68 66 62 56 54 49 45 44 45 58 67 72 73 66 57 62 67 70 75 77 77 78 76 74 80 85 88 91 89 88 101 112 120 124 125 124 124 124 124 126 129 131 132 133 133 133 132 132 133 134 133 133 132 131 131 130 130 131 132 133 134 135 135 135 134 132 128 123 121 121 121 121 120 118 118 116 115 125 134 141 145 152 158 155 153 152
135 126 103 89 85 78 77 74 68 66 62 56 54 49 45 44 45 58 67 72 73 66 57 62 67 70 75 77 77 78 76 74 80 85 88 91 89 88 101 112 120 124 125 124 124 124 124 126 129 131 132 133 133 133 132 132 133 134 133 133 132 131 131 130 130 131 132 133 134 135 135 135 134 132 128 123 121 121 121 121 120 118 118 116 115 125 134 141 145 152 158 155 153 152
143 139 120 102 93 89 84 80 75 72 67 63 59 54 51 52 54 61 70 75 76 70 65 68 72 76 79 81 82 83 82 83 86 90 95 97 98 101 106 113 120 125 127 127 127 128 128 129 131 133 134 135 135 135 135 134 134 135 135 134 134 133 133 133 132 133 133 134 134 135 136 136 135 134 132 128 125 125 125 125 125 125 124 124 125 126 131 137 142 150 158 158 156 153
157 157 146 126 113 106 99 93 88 84 79 76 71 66 66 69 72 76 80 83 82 80 80 81 83 86 88 90 92 93 95 97 99 101 105 108 112 115 115 116 121 127 130 131 132 133 133 133 133 135 137 138 138 139 139 137 137 137 137 137 137 137 137 137 136 135 136 136 135 136 137 137 137 138 138 135 131 130 131 131 132 133 133 134 132 129 129 133 137 144 156 161 159 155
166 165 157 141 128 118 110 103 98 94 90 87 83 80 80 83 86 90 91 91 90 90 90 91 92 94 96 98 101 103 105 107 108 110 112 116 119 119 119 119 123 128 132 133 134 135 135 135 136 137 139 140 141 141 141 141 140 140 140 139 140 140 140 140 139 138 138 138 137 138 139 139 139 140 140 138 135 134 134 135 135 136 138 138 134 131 130 131 135 142 153 162 161 157
174 172 163 150 139 128 118 111 106 102 100 97 95 93 93 94 97 98 98 97 95 95 96 96 97 99 102 105 108 110 113 114 114 115 117 120 123 123 121 122 125 130 133 135 136 137 137 137 138 139 140 141 142 142 142 142 142 141 140 140 140 140 141 140 140 139 138 138 138 138 139 140 140 141 141 139 136 135 135 136 137 137 138 138 135 131 130 131 133 139 152 161 161 157
180 178 169 157 146 135 124 116 112 109 107 105 104 102 101 101 102 102 100 97 96 98 100 101 101 104 107 109 112 115 117 118 118 119 121 123 125 125 124 124 127 132 135 137 138 139 139 138 138 140 141 142 142 142 142 142 141 141 139 138 138 138 139 138 138 137 136 136 135 136 137 138 139 140 140 138 136 134 134 135 136 136 137 136 133 130 128 128 129 136 149 159 159 154
187 185 175 163 153 141 128 120 117 115 113 111 110 108 106 104 103 102 99 97 97 100 103 104 105 107 110 113 116 119 121 122 122 122 123 125 127 127 126 127 130 134 137 138 139 140 140 139 139 140 141 142 142 142 141 141 141 140 138 136 136 136 136 136 135 134 134 133 133 133 135 136 137 139 139 137 134 133 133 134 134 134 134 133 130 127 125 125 126 132 145 155 155 149
197 193 183 172 162 148 134 125 121 120 118 116 115 113 110 107 105 103 101 101 103 107 110 109 109 111 114 116 118 121 123 124 124 123 124 125 127 128 128 129 131 135 137 139 140 140 140 140 140 140 141 141 141 141 141 140 140 138 136 134 133 133 133 133 132 132 131 130 130 131 132 133 135 136 137 135 133 131 132 132 133 133 132 131 128 125 124 124 125 129 142 153 153 146
206 202 191 181 171 156 140 130 126 124 123 121 121 119 115 111 108 108 108 110 113 116 117 115 113 114 116 118 120 122 123 124 124 123 124 125 126 128 130 131 133 135 137 139 140 140 140 140 140 140 140 140 140 140 139 138 138 136 134 132 130 130 130 130 130 129 128 127 127 127 129 130 132 133 134 132 130 129 129 130 131 131 130 129 127 124 123 123 123 127 138 150 151 144
212 208 199 188 177 162 145 134 130 128 127 126 126 124 120 116 114 114 116 118 121 123 123 119 117 116 118 119 120 122 123 123 123 123 123 124 126 129 131 132 134 136 137 138 140 140 140 139 139 139 139 139 138 138 137 136 136 134 131 129 127 127 127 127 126 126 125 124 123 124 125 127 128 130 131 129 127 126 127 128 128 128 128 128 125 123 121 121 122 125 135 147 148 142
219 215 205 194 182 166 149 138 133 132 131 131 131 130 125 121 120 120 121 123 126 128 126 122 119 118 119 120 121 122 123 123 123 124 125 125 126 130 132 134 135 136 137 138 140 140 140 139 139 138 138 137 136 135 135 134 133 131 128 125 124 123 123 123 123 123 122 121 120 121 122 123 124 126 127 126 124 123 124 125 126 126 126 125 123 121 119 120 121 125 134 144 145 140
225 220 209 199 186 168 152 142 137 135 135 136 137 135 131 127 125 125 126 127 129 130 128 124 121 120 121 122 123 124 124 125 125 127 127 127 128 131 134 136 136 136 136 137 139 140 139 139 138 137 136 135 133 132 131 130 129 127 124 121 120 120 120 120 120 120 119 118 117 117 118 119 120 122 123 122 121 121 121 122 123 123 123 123 121 118 117 119 121 126 134 144 145 140
228 223 214 204 190 169 153 144 140 139 139 140 142 140 136 131 129 129 129 129 131 132 130 126 122 121 122 123 124 125 126 126 127 128 129 129 129 132 136 137 137 136 135 137 139 140 139 138 137 135 133 131 129 128 126 125 124 122 119 117 116 116 116 116 116 116 116 114 114 114 115 115 116 117 118 119 119 118 119 120 120 120 120 120 118 116 116 118 122 128 135 143 144 140
230 226 218 209 192 169 154 147 144 142 141 143 145 143 138 133 131 131 131 132 133 134 132 128 125 124 125 125 126 127 128 128 128 129 130 130 130 133 137 139 138 135 134 136 138 139 139 138 136 133 131 128 126 124 123 122 121 119 116 114 113 113 113 113 114 114 113 112 112 113 114 115 115 116 118 119 119 119 119 119 119 120 120 119 117 115 115 119 124 129 136 142 142 139
229 227 221 209 189 169 158 152 147 144 144 145 146 145 139 134 132 131 132 133 134 136 135 132 129 128 128 128 129 130 130 130 130 129 130 131 131 133 137 139 137 134 133 134 137 139 139 138 135 131 127 124 122 121 119 118 118 116 113 111 111 111 111 112 113 113 113 112 112 113 115 117 118 119 122 123 123 122 122 121 121 121 121 120 118 116 116 120 126 131 135 139 139 136
237 233 221 202 181 167 160 155 150 147 146 147 148 146 140 135 132 132 133 134 136 137 137 135 133 131 131 130 131 132 132 132 131 130 131 131 131 133 137 139 137 133 131 133 136 138 138 137 134 128 123 120 118 117 116 116 115 114 111 109 109 110 110 111 112 113 113 112 112 114 117 120 122 123 125 126 126 125 124 123 123 123 122 120 118 116 117 121 127 131 134 137 137 134
248 240 214 191 175 166 161 157 153 150 149 150 151 148 142 137 134 134 135 136 137 138 138 137 135 134 132 131 132 132 133 132 130 129 130 131 131 133 136 138 136 131 129 131 136 139 139 138 134 127 121 119 119 119 119 118 118 116 113 111 111 112 113 114 116 117 117 116 116 118 121 124 125 125 126 126 126 126 125 124 123 123 122 121 118 117 117 122 129 133 135 137 137 134
228 230 202 182 173 167 164 160 157 154 153 153 153 151 145 140 137 137 138 138 139 139 139 138 137 135 133 132 132 133 132 131 129 128 128 129 130 131 134 136 133 128 127 129 134 139 139 139 135 128 124 123 124 125 126 126 125 122 118 116 116 118 119 121 123 125 124 122 121 123 126 127 127 126 125 125 126 125 124 123 123 122 122 120 118 117 118 124 131 135 137 139 138 136
212 208 192 179 173 168 165 162 158 156 154 154 154 152 146 141 139 139 139 140 140 140 139 139 138 137 134 132 132 133 132 131 128 126 127 128 129 129 131 132 130 126 125 128 134 139 139 139 136 130 126 126 128 131 132 132 130 127 123 120 121 123 125 127 130 131 130 128 126 127 129 130 129 127 126 125 125 125 124 123 123 123 122 121 119 118 119 125 133 137 139 140 140 138
205 199 189 180 173 168 165 161 158 155 153 153 153 151 145 140 138 138 139 139 140 140 140 140 140 139 135 132 132 133 132 131 129 127 127 129 131 131 133 134 132 129 128 131 138 143 143 141 138 131 127 127 129 132 133 133 133 130 126 123 124 127 130 132 135 137 136 133 131 132 133 132 131 130 129 128 128 127 127 126 125 125 125 123 121 119 121 127 134 138 139 140 140 138
201 198 189 180 172 166 161 158 153 150 149 149 149 147 142 138 136 137 138 138 139 139 140 141 142 140 136 132 132 133 133 132 130 129 130 133 136 138 140 140 139 137 136 139 146 150 148 145 139 131 126 125 127 130 132 132 132 131 128 127 128 132 135 137 140 142 141 139 137 137 137 136 135 134 133 133 132 132 131 131 130 130 129 127 124 122 123 128 134 137 138 138 138 136
210 204 192 180 170 162 157 153 148 145 144 144 145 144 139 136 135 136 137 138 138 139 140 141 143 141 136 133 132 133 133 133 132 131 133 137 141 143 145 146 145 144 144 147 153 156 152 146 139 130 125 124 126 130 131 131 132 132 130 130 132 135 138 141 143 145 144 143 141 141 140 139 139 138 137 137 136 136 135 135 134 134 133 130 127 125 125 129 134 135 136 136 135 133
219 209 190 178 168 160 155 152 148 145 144 144 145 144 140 138 137 138 139 139 140 141 142 143 144 142 137 134 133 133 134 133 132 131 133 138 142 144 146 147 147 147 148 152 157 159 153 146 139 131 125 125 129 133 136 136 136 136 134 133 135 138 140 142 145 146 146 144 143 143 142 141 141 140 140 139 139 138 138 137 136 136 135 133 130 126 126 129 133 134 134 134 133 132
210 206 188 175 166 160 156 153 149 147 146 147 147 146 143 141 140 141 141 142 143 143 144 145 146 144 139 135 133 134 134 133 132 130 132 137 141 143 144 145 147 148 151 154 159 159 151 144 138 131 127 128 133 139 141 141 141 140 138 136 137 140 142 144 146 147 146 145 145 144 143 142 142 142 142 142 141 140 140 139 139 138 137 135 132 128 127 129 132 133 133 133 132 130
208 202 186 173 165 160 156 153 150 148 148 148 148 147 145 143 143 143 144 144 144 145 145 146 146 144 139 135 134 134 134 133 131 130 131 135 139 141 142 144 146 150 154 157 158 155 147 142 137 131 128 129 135 141 144 144 143 142 140 138 139 141 143 145 146 147 147 146 146 145 144 143 143 143 143 143 142 142 142 141 140 140 139 138 134 130 129 130 132 132 131 131 130 128
209 197 181 171 164 159 156 153 150 149 148 148 148 147 145 144 144 145 145 145 145 145 145 146 145 143 139 135 133 133 133 132 130 129 130 134 137 139 140 142 146 152 158 159 156 151 145 141 137 132 129 131 136 142 144 144 143 141 140 138 139 141 143 145 146 146 146 147 147 145 143 141 141 142 141 142 141 141 141 141 141 140 140 139 136 132 130 131 131 131 131 130 129 128
198 191 177 167 161 157 154 152 150 149 149 148 148 147 146 146 146 146 146 146 146 146 146 145 145 142 138 134 132 132 132 131 129 127 128 132 135 136 138 140 144 151 159 156 151 147 144 141 137 133 130 132 137 142 144 143 142 141 139 138 139 141 143 144 145 146 146 147 146 145 142 140 139 139 139 139 139 140 140 140 140 140 140 139 137 134 132 133 133 132 132 130 129 128
192 185 173 164 158 155 153 151 150 150 149 149 149 148 147 147 147 147 147 147 147 146 146 145 144 141 137 133 131 131 131 130 128 126 127 129 132 133 135 137 139 146 152 148 145 144 142 140 136 133 131 132 137 142 143 142 141 140 139 138 139 141 143 144 145 145 146 146 146 144 141 139 138 138 137 137 138 138 139 139 139 140 140 140 138 136 135 135 134 134 133 131 129 128
188 179 168 160 155 152 151 150 150 149 149 149 149 148 148 147 147 147 147 147 146 145 144 143 142 139 136 132 130 129 129 128 127 125 124 126 127 127 129 131 133 139 143 141 140 140 138 136 134 132 130 131 136 141 142 141 140 139 138 138 139 141 143 144 144 145 145 145 145 143 139 137 136 135 135 135 136 137 137 138 138 139 140 139 138 137 136 136 134 134 132 131 129 129
178 173 164 157 152 150 149 148 149 149 150 150 150 149 149 148 148 147 147 146 145 144 143 142 140 137 134 130 128 127 127 126 125 123 121 119 117 114 114 116 119 126 133 134 134 135 134 133 132 130 129 131 135 139 140 139 138 138 138 138 139 141 143 144 144 144 144 144 143 141 138 135 134 133 132 132 134 135 135 136 137 138 139 139 138 138 137 136 134 134 133 132 131 131
169 166 160 153 149 147 146 147 148 149 150 150 150 150 149 149 148 148 147 146 145 143 142 140 138 135 132 129 126 125 124 123 123 121 116 109 102 97 97 102 110 119 127 130 132 133 132 132 131 130 129 130 134 138 139 138 137 137 137 137 138 140 142 143 143 143 143 143 142 140 136 133 132 130 130 130 131 133 134 135 136 137 138 138 138 138 137 136 135 134 134 133 133 133
161 160 155 149 146 145 144 144 146 148 149 150 149 149 148 148 147 147 147 146 144 143 141 139 136 134 131 127 125 122 120 119 120 118 108 97 92 93 100 111 119 125 130 133 136 137 135 133 131 130 129 130 133 137 138 137 136 136 136 136 137 139 140 141 141 141 141 141 140 137 134 131 129 128 127 128 129 130 132 133 135 135 136 136 137 137 137 135 134 133 132 131 131 131
155 154 150 146 143 143 143 143 145 148 149 148 147 147 146 146 146 146 146 145 143 142 139 137 134 132 129 125 122 118 114 111 111 107 91 85 90 99 111 121 128 132 135 138 140 140 137 134 132 130 129 130 133 136 137 136 135 134 134 134 135 136 137 138 138 137 137 137 137 134 131 128 126 125 124 124 126 127 129 131 132 133 134 134 135 135 135 134 133 132 130 129 129 129
150 149 146 142 140 140 141 142 145 148 149 148 146 145 145 144 144 145 145 145 143 141 139 136 133 130 126 123 118 113 107 101 96 88 80 84 94 105 116 125 130 133 136 138 140 140 137 134 132 130 128 129 132 135 136 135 134 134 134 134 135 136 138 138 138 138 137 138 137 135 131 127 125 124 123 124 125 127 129 131 133 134 135 135 135 136 136 135 134 133 130 128 128 129
145 145 142 138 136 136 137 139 142 146 147 146 144 143 142 142 142 143 144 144 143 141 139 135 132 128 124 119 114 107 100 93 88 88 92 97 104 111 117 123 127 130 132 134 136 136 134 132 130 128 127 128 131 134 135 135 135 135 136 137 139 141 143 144 144 143 144 144 143 141 136 133 131 130 129 130 131 133 136 139 141 142 142 143 142 141 141 141 140 138 134 131 130 130
141 140 138 134 132 132 133 135 139 143 145 143 141 140 139 139 139 141 143 144 143 141 138 135 130 125 120 113 106 99 92 87 86 94 104 108 111 113 116 119 122 125 127 129 131 132 131 129 128 127 126 127 130 133 135 136 136 137 139 141 143 146 149 149 149 149 150 150 150 147 143 139 138 136 136 137 139 141 143 147 149 150 150 150 148 147 146 146 146 144 139 134 131 131
138 137 135 131 130 130 131 133 137 142 143 142 140 138 137 137 137 140 144 145 144 141 138 134 128 121 113 105 99 93 89 87 91 103 112 115 116 116 117 118 121 123 126 128 130 130 129 128 127 127 126 127 130 133 135 136 137 138 141 143 145 148 151 152 152 152 152 152 152 149 145 142 141 140 139 140 142 144 147 151 153 154 154 153 151 149 148 148 148 147 141 134 131 129
135 135 133 130 129 130 131 133 137 142 144 144 142 141 140 138 139 141 146 147 144 140 136 132 126 116 107 101 98 96 96 99 105 115 120 121 121 120 120 121 124 126 128 130 132 132 131 129 128 128 127 128 130 133 135 136 137 139 141 142 145 148 150 151 150 150 150 151 151 148 144 141 140 139 139 140 142 144 147 151 154 155 154 153 150 147 146 146 148 146 138 130 126 125
131 132 132 131 130 131 133 135 139 144 147 146 146 145 144 142 142 144 149 149 144 139 133 127 120 108 100 98 99 102 105 110 116 122 125 126 127 125 124 125 127 130 132 133 134 134 132 130 129 129 128 129 131 133 135 136 137 139 140 142 143 146 149 149 149 148 148 149 149 147 143 139 138 137 137 138 139 141 145 150 154 155 154 153 149 145 143 144 147 143 132 123 120 119
128 130 131 130 130 132 133 136 140 144 147 147 147 147 146 144 143 147 151 150 143 136 129 123 115 105 100 101 104 109 114 119 123 127 129 131 132 130 128 128 130 132 133 135 135 135 133 131 130 129 129 129 131 132 134 136 138 139 140 141 143 146 148 149 148 148 148 148 148 146 142 138 137 137 136 137 137 139 143 150 155 155 154 152 148 144 142 145 149 142 128 119 116 116
124 126 129 129 129 131 133 135 138 142 144 144 144 144 142 139 139 144 150 149 140 133 127 123 120 114 110 111 115 120 124 127 130 132 134 137 138 135 132 131 132 133 135 135 136 135 133 131 129 129 129 129 130 131 133 135 138 139 140 141 143 146 149 149 149 149 148 149 148 146 142 138 137 137 137 137 136 137 142 150 157 156 154 152 148 143 142 146 150 141 128 120 117 116
