WindNinja-Server/data/job/23becdaadf7c4ec2993497261e63d813/wncli/results/20171026T1500_vel.asc
ncols	108
nrows	170
xllcorner	726299.000000
yllcorner	5208948.000000
cellsize	29.150477
NODATA_value	-32768.000000
[rows 76 to 113 of 170, columns 0 to 83 of 108]
3.88 3.56 3.25 3.28 3.40 3.57 3.82 4.16 4.46 4.70 4.92 5.11 5.30 5.45 5.53 5.59 5.76 6.20 6.84 7.40 7.84 8.24 8.68 9.28 9.58 8.82 7.24 6.08 5.55 5.31 5.46 6.13 6.89 6.92 5.96 4.85 4.39 4.48 4.77 4.90 4.65 4.12 3.73 3.79 4.15 4.44 4.47 4.34 4.30 4.40 4.44 4.32 4.14 4.00 3.90 3.86 3.80 3.52 3.15 2.90 2.74 2.60 2.44 2.35 2.34 2.34 2.30 2.26 2.19 2.04 2.06 2.31 2.79 3.45 3.96 3.99 3.88 3.97 4.30 4.64 4.64 4.25 3.74 3.24
3.98 3.75 3.51 3.53 3.66 3.86 4.15 4.50 4.77 4.96 5.12 5.28 5.44 5.58 5.65 5.71 5.91 6.38 7.02 7.55 7.90 8.22 8.61 9.19 9.44 8.57 6.88 5.77 5.46 5.50 5.79 6.30 6.77 6.67 5.79 4.82 4.40 4.52 4.84 4.94 4.56 3.95 3.59 3.81 4.35 4.72 4.68 4.45 4.38 4.43 4.37 4.18 3.98 3.85 3.77 3.76 3.71 3.44 3.09 2.86 2.71 2.56 2.41 2.34 2.34 2.31 2.21 2.11 1.99 1.84 1.92 2.29 2.89 3.60 4.07 4.03 3.87 3.91 4.15 4.35 4.23 3.76 3.22 2.74
3.67 3.62 3.61 3.74 3.90 4.14 4.47 4.80 5.01 5.14 5.26 5.40 5.55 5.66 5.72 5.79 6.02 6.51 7.14 7.62 7.91 8.16 8.52 9.08 9.29 8.35 6.62 5.60 5.46 5.67 5.96 6.28 6.55 6.43 5.69 4.84 4.45 4.58 4.91 4.97 4.52 3.86 3.57 3.90 4.56 4.93 4.80 4.52 4.46 4.47 4.32 4.06 3.86 3.74 3.67 3.67 3.62 3.34 2.97 2.73 2.55 2.36 2.20 2.15 2.16 2.15 2.06 1.95 1.83 1.73 1.91 2.42 3.10 3.78 4.12 3.97 3.74 3.72 3.85 3.92 3.70 3.20 2.69 2.27
3.41 3.43 3.64 3.88 4.12 4.41 4.74 5.01 5.13 5.21 5.31 5.44 5.58 5.69 5.75 5.84 6.08 6.58 7.19 7.63 7.86 8.07 8.42 8.96 9.13 8.16 6.46 5.53 5.49 5.76 6.02 6.21 6.38 6.30 5.69 4.91 4.54 4.68 5.01 5.05 4.59 3.96 3.72 4.10 4.79 5.13 4.92 4.61 4.53 4.47 4.23 3.94 3.78 3.69 3.63 3.60 3.50 3.18 2.76 2.46 2.18 1.91 1.74 1.71 1.78 1.85 1.82 1.75 1.70 1.74 2.09 2.72 3.37 3.88 4.05 3.77 3.46 3.35 3.36 3.30 3.03 2.59 2.17 1.86
3.32 3.45 3.75 4.04 4.36 4.68 4.98 5.15 5.18 5.20 5.31 5.45 5.59 5.71 5.78 5.88 6.14 6.63 7.21 7.61 7.80 8.00 8.35 8.86 8.98 8.00 6.36 5.52 5.55 5.85 6.06 6.18 6.31 6.26 5.71 4.98 4.64 4.80 5.13 5.16 4.71 4.13 3.92 4.30 4.97 5.26 4.98 4.63 4.50 4.36 4.08 3.83 3.72 3.65 3.56 3.47 3.29 2.88 2.42 2.05 1.70 1.42 1.31 1.31 1.41 1.54 1.55 1.53 1.58 1.81 2.34 3.03 3.56 3.86 3.84 3.48 3.11 2.90 2.79 2.63 2.37 2.05 1.76 1.56
3.18 3.38 3.78 4.12 4.46 4.79 5.02 5.09 5.06 5.10 5.25 5.43 5.59 5.70 5.78 5.89 6.16 6.64 7.19 7.55 7.74 7.97 8.31 8.78 8.84 7.88 6.38 5.65 5.73 6.01 6.16 6.21 6.31 6.24 5.70 5.00 4.71 4.89 5.23 5.26 4.82 4.27 4.09 4.44 5.07 5.31 4.98 4.58 4.39 4.20 3.91 3.69 3.56 3.42 3.24 3.07 2.82 2.37 1.94 1.60 1.30 1.13 1.14 1.16 1.23 1.35 1.36 1.39 1.53 1.88 2.48 3.13 3.50 3.61 3.47 3.07 2.68 2.42 2.26 2.10 1.91 1.72 1.56 1.48
3.10 3.31 3.71 4.05 4.35 4.62 4.76 4.78 4.79 4.93 5.17 5.38 5.53 5.64 5.72 5.85 6.11 6.58 7.11 7.48 7.71 7.98 8.34 8.73 8.72 7.85 6.58 5.97 6.04 6.23 6.29 6.27 6.32 6.21 5.66 4.98 4.74 4.98 5.35 5.36 4.94 4.43 4.27 4.59 5.15 5.33 4.96 4.52 4.26 3.98 3.65 3.37 3.14 2.86 2.58 2.37 2.12 1.76 1.47 1.25 1.06 1.03 1.13 1.16 1.21 1.31 1.33 1.39 1.56 1.90 2.44 2.98 3.17 3.13 2.94 2.55 2.18 1.94 1.82 1.74 1.66 1.60 1.57 1.60
3.17 3.34 3.66 3.93 4.17 4.35 4.41 4.43 4.57 4.84 5.14 5.35 5.48 5.59 5.67 5.79 6.06 6.52 7.05 7.43 7.72 8.07 8.42 8.73 8.66 7.86 6.79 6.26 6.25 6.32 6.31 6.25 6.25 6.07 5.51 4.90 4.79 5.13 5.50 5.47 5.04 4.58 4.46 4.73 5.19 5.30 4.89 4.40 4.03 3.65 3.22 2.86 2.54 2.20 1.94 1.77 1.59 1.37 1.22 1.10 0.98 1.02 1.15 1.20 1.24 1.32 1.38 1.47 1.63 1.91 2.33 2.75 2.84 2.70 2.48 2.14 1.81 1.60 1.55 1.54 1.55 1.59 1.67 1.77
3.19 3.30 3.55 3.79 3.97 4.10 4.16 4.24 4.49 4.83 5.14 5.31 5.42 5.52 5.59 5.71 5.96 6.42 6.97 7.39 7.76 8.16 8.50 8.72 8.57 7.77 6.75 6.21 6.11 6.11 6.06 6.00 5.97 5.73 5.21 4.80 4.90 5.32 5.64 5.50 5.02 4.59 4.49 4.73 5.11 5.14 4.66 4.11 3.66 3.21 2.77 2.42 2.14 1.90 1.73 1.63 1.51 1.38 1.31 1.23 1.13 1.15 1.27 1.31 1.34 1.41 1.48 1.61 1.78 2.02 2.36 2.68 2.70 2.52 2.31 2.01 1.72 1.55 1.52 1.56 1.61 1.71 1.84 1.98
3.13 3.19 3.38 3.59 3.77 3.91 4.01 4.16 4.46 4.82 5.10 5.24 5.32 5.41 5.47 5.56 5.81 6.29 6.87 7.34 7.78 8.23 8.52 8.63 8.40 7.55 6.48 5.90 5.74 5.69 5.62 5.58 5.54 5.33 4.98 4.85 5.12 5.52 5.68 5.40 4.87 4.48 4.39 4.58 4.91 4.86 4.30 3.70 3.22 2.78 2.42 2.20 2.08 2.00 1.95 1.91 1.84 1.77 1.71 1.63 1.50 1.47 1.53 1.53 1.52 1.57 1.66 1.81 2.01 2.27 2.59 2.84 2.80 2.61 2.39 2.12 1.85 1.69 1.66 1.71 1.78 1.91 2.05 2.20
3.11 3.14 3.27 3.46 3.65 3.81 3.94 4.12 4.43 4.80 5.06 5.19 5.26 5.33 5.38 5.45 5.69 6.18 6.80 7.32 7.80 8.26 8.49 8.49 8.21 7.35 6.28 5.66 5.48 5.40 5.32 5.29 5.27 5.14 5.00 5.08 5.37 5.61 5.55 5.19 4.65 4.29 4.20 4.37 4.65 4.54 3.92 3.28 2.81 2.44 2.21 2.18 2.23 2.28 2.31 2.31 2.27 2.21 2.13 1.99 1.82 1.75 1.77 1.72 1.69 1.72 1.82 2.02 2.26 2.56 2.87 3.03 2.92 2.70 2.46 2.21 1.96 1.81 1.78 1.84 1.94 2.08 2.24 2.41
3.13 3.16 3.29 3.48 3.67 3.83 3.98 4.17 4.48 4.85 5.11 5.23 5.30 5.37 5.40 5.46 5.69 6.19 6.82 7.36 7.85 8.30 8.45 8.38 8.07 7.26 6.24 5.63 5.45 5.37 5.30 5.28 5.27 5.22 5.21 5.36 5.56 5.53 5.25 4.80 4.28 3.93 3.84 4.01 4.29 4.15 3.50 2.88 2.46 2.20 2.16 2.28 2.42 2.49 2.51 2.49 2.43 2.34 2.21 2.02 1.85 1.82 1.83 1.79 1.76 1.82 1.95 2.17 2.43 2.70 2.91 2.95 2.75 2.50 2.27 2.06 1.87 1.78 1.81 1.93 2.10 2.28 2.47 2.67
3.16 3.22 3.39 3.60 3.79 3.96 4.11 4.31 4.63 5.01 5.27 5.39 5.46 5.51 5.54 5.60 5.83 6.32 6.95 7.48 7.96 8.35 8.44 8.31 7.99 7.23 6.28 5.70 5.54 5.49 5.45 5.46 5.47 5.44 5.44 5.54 5.56 5.27 4.80 4.30 3.80 3.45 3.34 3.56 3.88 3.75 3.10 2.51 2.21 2.13 2.26 2.46 2.58 2.56 2.49 2.41 2.30 2.16 1.99 1.79 1.68 1.70 1.75 1.75 1.79 1.91 2.08 2.28 2.48 2.62 2.66 2.56 2.31 2.06 1.88 1.74 1.67 1.69 1.85 2.09 2.32 2.54 2.76 3.00
3.22 3.30 3.50 3.73 3.93 4.11 4.27 4.47 4.81 5.19 5.45 5.57 5.62 5.66 5.68 5.74 5.96 6.47 7.11 7.63 8.07 8.39 8.41 8.22 7.87 7.12 6.21 5.68 5.54 5.52 5.53 5.55 5.54 5.45 5.38 5.38 5.24 4.76 4.23 3.77 3.34 3.00 2.90 3.16 3.54 3.44 2.80 2.28 2.11 2.19 2.39 2.56 2.58 2.48 2.35 2.23 2.10 1.94 1.77 1.60 1.53 1.57 1.63 1.69 1.81 1.99 2.18 2.34 2.42 2.39 2.28 2.12 1.91 1.72 1.60 1.57 1.60 1.74 2.02 2.34 2.60 2.81 3.06 3.34
3.28 3.37 3.59 3.83 4.04 4.22 4.37 4.57 4.91 5.30 5.55 5.64 5.66 5.67 5.68 5.73 5.96 6.50 7.17 7.70 8.09 8.35 8.29 8.03 7.62 6.82 5.92 5.42 5.30 5.30 5.32 5.29 5.15 4.96 4.87 4.87 4.66 4.14 3.67 3.33 2.96 2.63 2.55 2.85 3.29 3.22 2.64 2.17 2.10 2.24 2.42 2.49 2.42 2.30 2.20 2.10 1.97 1.83 1.68 1.57 1.52 1.54 1.61 1.71 1.85 2.02 2.17 2.25 2.22 2.10 1.98 1.86 1.75 1.66 1.64 1.69 1.81 2.02 2.34 2.62 2.82 3.02 3.32 3.65
3.35 3.44 3.68 3.92 4.12 4.29 4.42 4.60 4.92 5.29 5.53 5.59 5.57 5.56 5.56 5.61 5.87 6.44 7.15 7.67 8.01 8.21 8.09 7.77 7.31 6.48 5.57 5.08 4.97 5.00 4.96 4.77 4.47 4.24 4.29 4.44 4.31 3.86 3.43 3.09 2.68 2.30 2.21 2.58 3.09 3.07 2.54 2.11 2.05 2.19 2.32 2.32 2.22 2.11 2.05 1.98 1.87 1.76 1.65 1.59 1.57 1.60 1.68 1.78 1.90 2.00 2.05 2.03 1.93 1.82 1.77 1.77 1.77 1.80 1.87 2.00 2.18 2.41 2.66 2.83 2.95 3.19 3.57 3.96
3.46 3.55 3.77 4.01 4.19 4.33 4.43 4.58 4.88 5.24 5.49 5.53 5.48 5.46 5.46 5.53 5.80 6.39 7.11 7.59 7.88 8.03 7.87 7.50 6.99 6.18 5.32 4.89 4.81 4.78 4.62 4.29 3.95 3.85 4.06 4.38 4.36 3.95 3.49 3.06 2.52 2.03 1.94 2.38 2.97 3.01 2.51 2.08 2.02 2.16 2.29 2.28 2.15 2.03 1.95 1.88 1.79 1.70 1.62 1.60 1.62 1.67 1.76 1.86 1.93 1.96 1.93 1.85 1.74 1.68 1.72 1.80 1.90 2.03 2.19 2.37 2.56 2.75 2.91 3.00 3.12 3.42 3.88 4.29
3.55 3.63 3.83 4.05 4.21 4.32 4.40 4.54 4.83 5.21 5.47 5.50 5.44 5.42 5.44 5.54 5.82 6.39 7.06 7.49 7.72 7.83 7.62 7.17 6.65 5.93 5.26 4.92 4.78 4.59 4.26 3.91 3.71 3.73 4.02 4.40 4.46 4.09 3.58 3.08 2.46 1.91 1.82 2.31 2.95 3.04 2.59 2.17 2.11 2.28 2.43 2.43 2.26 2.06 1.92 1.83 1.76 1.69 1.65 1.67 1.70 1.75 1.83 1.90 1.95 1.95 1.92 1.87 1.83 1.84 1.94 2.10 2.27 2.44 2.63 2.81 2.97 3.10 3.19 3.27 3.42 3.75 4.21 4.58
3.63 3.70 3.89 4.07 4.19 4.28 4.35 4.49 4.80 5.21 5.47 5.50 5.43 5.42 5.47 5.61 5.90 6.43 7.01 7.33 7.48 7.55 7.29 6.79 6.28 5.76 5.34 5.07 4.76 4.29 3.84 3.64 3.65 3.78 4.09 4.47 4.57 4.18 3.60 3.03 2.38 1.81 1.75 2.32 3.00 3.14 2.76 2.39 2.34 2.51 2.66 2.63 2.36 2.04 1.82 1.72 1.67 1.67 1.69 1.75 1.80 1.83 1.87 1.90 1.94 1.97 2.00 2.05 2.11 2.23 2.40 2.63 2.84 3.02 3.19 3.32 3.43 3.51 3.57 3.65 3.80 4.10 4.50 4.81
3.77 3.81 3.93 4.08 4.18 4.26 4.32 4.48 4.81 5.22 5.48 5.49 5.43 5.44 5.53 5.70 6.00 6.46 6.89 7.07 7.14 7.16 6.89 6.41 6.01 5.70 5.48 5.25 4.72 3.97 3.49 3.50 3.72 3.96 4.28 4.65 4.74 4.27 3.58 2.93 2.27 1.74 1.77 2.44 3.19 3.37 3.03 2.70 2.63 2.75 2.87 2.76 2.39 1.97 1.72 1.63 1.65 1.74 1.82 1.90 1.95 1.96 1.97 1.98 2.01 2.08 2.18 2.31 2.46 2.67 2.92 3.20 3.42 3.58 3.69 3.76 3.80 3.84 3.89 3.95 4.08 4.33 4.68 4.98
3.87 3.87 3.95 4.08 4.17 4.24 4.30 4.47 4.81 5.23 5.47 5.48 5.43 5.48 5.59 5.77 6.04 6.38 6.64 6.70 6.72 6.74 6.51 6.14 5.87 5.70 5.60 5.39 4.77 3.89 3.37 3.47 3.87 4.22 4.54 4.89 4.98 4.49 3.68 2.97 2.40 2.01 2.09 2.83 3.58 3.77 3.44 3.07 2.94 3.00 3.08 2.94 2.53 2.10 1.88 1.87 2.01 2.15 2.20 2.22 2.23 2.23 2.24 2.27 2.33 2.43 2.58 2.74 2.91 3.14 3.41 3.67 3.84 3.92 3.96 3.96 3.96 3.98 4.00 4.04 4.14 4.39 4.75 5.08
3.93 3.93 4.02 4.15 4.20 4.22 4.27 4.44 4.81 5.23 5.49 5.52 5.49 5.55 5.65 5.78 5.95 6.13 6.24 6.26 6.32 6.38 6.23 6.00 5.86 5.76 5.69 5.52 4.90 4.03 3.51 3.68 4.17 4.59 4.91 5.22 5.30 4.79 3.95 3.23 2.85 2.70 2.89 3.52 4.13 4.25 3.86 3.44 3.26 3.29 3.35 3.19 2.80 2.43 2.30 2.39 2.62 2.75 2.69 2.61 2.59 2.60 2.64 2.72 2.82 2.95 3.11 3.27 3.46 3.71 3.96 4.13 4.18 4.14 4.09 4.04 4.02 4.02 4.02 4.03 4.12 4.38 4.78 5.14
4.07 4.09 4.16 4.21 4.17 4.13 4.19 4.40 4.80 5.25 5.54 5.58 5.54 5.55 5.60 5.65 5.70 5.76 5.82 5.89 6.01 6.11 6.05 5.94 5.91 5.84 5.78 5.64 5.10 4.31 3.86 4.09 4.62 5.04 5.29 5.55 5.61 5.09 4.27 3.64 3.45 3.51 3.74 4.16 4.53 4.53 4.11 3.68 3.51 3.54 3.56 3.37 3.03 2.76 2.72 2.87 3.11 3.16 3.02 2.90 2.86 2.88 2.96 3.07 3.20 3.34 3.48 3.63 3.85 4.13 4.33 4.36 4.26 4.13 4.04 3.99 3.96 3.94 3.94 3.95 4.05 4.35 4.80 5.18
4.22 4.21 4.20 4.13 3.97 3.93 4.07 4.38 4.82 5.28 5.56 5.56 5.44 5.37 5.35 5.34 5.35 5.41 5.54 5.68 5.83 5.93 5.93 5.92 5.96 5.92 5.89 5.80 5.37 4.71 4.38 4.62 5.09 5.44 5.63 5.83 5.85 5.27 4.45 3.91 3.82 3.93 4.11 4.38 4.59 4.50 4.09 3.72 3.60 3.62 3.58 3.36 3.06 2.88 2.89 3.05 3.23 3.22 3.06 2.96 2.91 2.92 3.00 3.10 3.22 3.35 3.48 3.62 3.83 4.06 4.13 4.00 3.81 3.69 3.65 3.63 3.63 3.64 3.66 3.70 3.86 4.24 4.76 5.20
4.32 4.26 4.15 3.94 3.71 3.75 4.03 4.42 4.85 5.27 5.49 5.39 5.17 5.04 5.00 4.98 5.03 5.20 5.41 5.58 5.70 5.80 5.85 5.92 6.02 6.03 6.06 6.05 5.73 5.24 5.03 5.23 5.57 5.81 5.92 6.08 6.03 5.39 4.57 4.09 4.02 4.10 4.22 4.40 4.54 4.41 4.01 3.68 3.58 3.58 3.50 3.27 3.02 2.89 2.91 3.04 3.19 3.12 2.96 2.88 2.83 2.82 2.87 2.95 3.05 3.18 3.29 3.41 3.56 3.63 3.53 3.30 3.14 3.11 3.15 3.18 3.22 3.27 3.35 3.45 3.67 4.13 4.75 5.23
4.41 4.30 4.07 3.76 3.57 3.69 4.07 4.49 4.86 5.20 5.33 5.16 4.90 4.78 4.78 4.81 4.92 5.16 5.39 5.51 5.60 5.72 5.85 5.99 6.14 6.22 6.31 6.35 6.11 5.76 5.60 5.70 5.90 6.05 6.12 6.22 6.08 5.38 4.58 4.17 4.13 4.20 4.27 4.39 4.48 4.33 3.93 3.60 3.49 3.48 3.41 3.21 3.00 2.88 2.89 3.02 3.14 3.05 2.89 2.82 2.79 2.78 2.83 2.91 3.02 3.14 3.24 3.33 3.38 3.31 3.09 2.88 2.81 2.84 2.89 2.93 2.99 3.09 3.21 3.35 3.60 4.12 4.81 5.31
4.45 4.29 4.00 3.71 3.58 3.77 4.15 4.53 4.84 5.10 5.19 5.03 4.84 4.80 4.86 4.94 5.09 5.29 5.42 5.47 5.57 5.76 5.95 6.14 6.32 6.43 6.57 6.62 6.39 6.03 5.84 5.86 5.98 6.07 6.11 6.16 5.93 5.16 4.41 4.09 4.09 4.15 4.20 4.29 4.35 4.16 3.74 3.41 3.33 3.35 3.32 3.17 2.97 2.84 2.84 2.96 3.08 2.99 2.85 2.85 2.89 2.96 3.06 3.17 3.27 3.38 3.46 3.50 3.47 3.32 3.11 2.94 2.89 2.88 2.87 2.89 2.97 3.10 3.25 3.39 3.64 4.19 4.91 5.41
4.44 4.27 3.99 3.74 3.65 3.85 4.21 4.55 4.81 5.04 5.13 5.04 4.96 4.99 5.09 5.19 5.31 5.41 5.44 5.49 5.66 5.93 6.15 6.33 6.50 6.61 6.75 6.81 6.57 6.18 5.93 5.90 5.97 6.03 6.04 6.06 5.78 4.97 4.25 3.98 4.00 4.07 4.11 4.17 4.18 3.95 3.49 3.18 3.17 3.26 3.27 3.12 2.91 2.76 2.75 2.88 3.02 2.93 2.81 2.87 3.02 3.22 3.42 3.58 3.70 3.79 3.84 3.82 3.72 3.54 3.31 3.11 2.98 2.87 2.82 2.88 3.01 3.17 3.33 3.48 3.73 4.29 5.03 5.53
4.46 4.32 4.03 3.78 3.71 3.92 4.26 4.56 4.81 5.03 5.16 5.14 5.12 5.18 5.26 5.34 5.41 5.44 5.44 5.54 5.81 6.13 6.34 6.48 6.62 6.72 6.87 6.95 6.72 6.32 6.05 5.97 6.01 6.04 6.01 5.98 5.66 4.84 4.13 3.89 3.92 3.98 4.01 4.04 3.99 3.72 3.28 3.06 3.17 3.32 3.28 3.07 2.82 2.66 2.65 2.80 2.96 2.88 2.77 2.88 3.12 3.42 3.66 3.82 3.93 4.00 4.00 3.91 3.74 3.51 3.28 3.05 2.87 2.76 2.78 2.93 3.13 3.32 3.49 3.64 3.90 4.46 5.19 5.65
4.50 4.35 4.09 3.85 3.78 3.99 4.32 4.59 4.83 5.06 5.21 5.22 5.21 5.25 5.30 5.34 5.39 5.41 5.44 5.61 5.95 6.28 6.47 6.58 6.69 6.80 6.98 7.10 6.89 6.47 6.17 6.05 6.05 6.04 5.96 5.88 5.52 4.69 4.00 3.77 3.79 3.85 3.88 3.88 3.79 3.53 3.24 3.20 3.38 3.46 3.29 2.97 2.69 2.53 2.54 2.72 2.91 2.85 2.76 2.90 3.16 3.44 3.61 3.70 3.77 3.78 3.69 3.50 3.26 3.06 2.92 2.82 2.78 2.83 3.02 3.27 3.50 3.69 3.84 3.97 4.21 4.72 5.37 5.78
4.56 4.41 4.16 3.94 3.87 4.07 4.38 4.64 4.86 5.10 5.25 5.26 5.24 5.25 5.27 5.30 5.34 5.39 5.46 5.68 6.04 6.39 6.57 6.68 6.79 6.92 7.15 7.30 7.08 6.64 6.29 6.12 6.06 5.99 5.85 5.72 5.37 4.57 3.90 3.66 3.67 3.72 3.74 3.74 3.65 3.48 3.38 3.50 3.63 3.53 3.19 2.81 2.53 2.38 2.41 2.63 2.86 2.84 2.76 2.88 3.13 3.34 3.41 3.45 3.46 3.38 3.18 2.91 2.66 2.55 2.56 2.64 2.84 3.14 3.49 3.78 3.99 4.14 4.24 4.33 4.52 4.95 5.52 5.88
4.67 4.51 4.23 3.99 3.92 4.12 4.43 4.67 4.88 5.11 5.27 5.27 5.23 5.23 5.24 5.28 5.35 5.43 5.53 5.76 6.14 6.51 6.72 6.84 6.96 7.12 7.38 7.52 7.26 6.75 6.34 6.10 5.98 5.85 5.68 5.57 5.28 4.55 3.88 3.62 3.62 3.68 3.72 3.73 3.68 3.61 3.64 3.78 3.76 3.46 3.05 2.70 2.46 2.33 2.37 2.63 2.91 2.92 2.84 2.94 3.16 3.31 3.34 3.35 3.31 3.13 2.86 2.60 2.44 2.44 2.53 2.73 3.07 3.51 3.89 4.14 4.28 4.38 4.44 4.48 4.63 5.03 5.56 5.91
4.75 4.55 4.24 4.00 3.93 4.13 4.44 4.68 4.88 5.11 5.25 5.23 5.19 5.20 5.24 5.32 5.42 5.52 5.64 5.89 6.27 6.65 6.89 7.03 7.16 7.34 7.61 7.72 7.38 6.76 6.26 5.98 5.83 5.69 5.54 5.49 5.28 4.62 3.96 3.69 3.72 3.83 3.90 3.93 3.90 3.86 3.89 3.94 3.77 3.37 3.00 2.76 2.58 2.47 2.54 2.82 3.14 3.20 3.13 3.20 3.37 3.47 3.45 3.40 3.28 3.04 2.81 2.67 2.65 2.74 2.87 3.07 3.39 3.78 4.07 4.21 4.28 4.33 4.34 4.36 4.50 4.91 5.46 5.85
4.81 4.58 4.25 4.01 3.92 4.12 4.44 4.69 4.90 5.09 5.20 5.16 5.13 5.18 5.27 5.39 5.52 5.64 5.78 6.04 6.44 6.83 7.07 7.23 7.40 7.59 7.85 7.89 7.44 6.71 6.15 5.86 5.71 5.58 5.49 5.50 5.33 4.71 4.09 3.87 3.96 4.13 4.22 4.23 4.18 4.11 4.07 4.01 3.76 3.34 3.03 2.88 2.77 2.70 2.78 3.07 3.42 3.53 3.50 3.53 3.62 3.61 3.51 3.40 3.23 3.00 2.87 2.88 2.97 3.11 3.25 3.42 3.66 3.93 4.10 4.13 4.13 4.14 4.13 4.13 4.28 4.71 5.31 5.74
4.88 4.66 4.29 4.00 3.91 4.11 4.45 4.72 4.92 5.05 5.09 5.05 5.09 5.21 5.36 5.50 5.64 5.76 5.93 6.21 6.62 7.00 7.24 7.43 7.63 7.84 8.06 8.00 7.42 6.60 6.01 5.74 5.62 5.53 5.48 5.52 5.35 4.75 4.19 4.08 4.25 4.44 4.51 4.49 4.41 4.31 4.20 4.08 3.81 3.42 3.16 3.05 2.96 2.92 3.01 3.30 3.66 3.79 3.73 3.70 3.68 3.59 3.45 3.33 3.15 2.98 2.92 2.98 3.10 3.23 3.34 3.47 3.66 3.86 3.95 3.93 3.89 3.88 3.86 3.86 4.00 4.47 5.13 5.62
4.93 4.68 4.27 3.98 3.88 4.09 4.45 4.73 4.88 4.92 4.90 4.93 5.09 5.31 5.48 5.62 5.76 5.90 6.08 6.38 6.77 7.14 7.40 7.62 7.86 8.05 8.18 8.00 7.30 6.42 5.83 5.61 5.54 5.50 5.49 5.52 5.32 4.75 4.29 4.28 4.50 4.70 4.76 4.75 4.68 4.58 4.44 4.27 4.00 3.65 3.43 3.33 3.24 3.17 3.24 3.51 3.85 3.93 3.79 3.64 3.53 3.43 3.33 3.24 3.10 2.96 2.90 2.93 2.99 3.05 3.10 3.18 3.32 3.49 3.58 3.54 3.51 3.51 3.50 3.48 3.65 4.20 4.96 5.52
4.91 4.65 4.24 3.95 3.83 4.05 4.42 4.69 4.78 4.74 4.74 4.88 5.17 5.46 5.63 5.75 5.89 6.04 6.24 6.53 6.91 7.28 7.56 7.82 8.07 8.20 8.22 7.93 7.15 6.25 5.69 5.53 5.52 5.51 5.50 5.49 5.27 4.75 4.40 4.49 4.75 4.96 5.03 5.03 4.96 4.84 4.67 4.46 4.19 3.90 3.71 3.59 3.48 3.40 3.45 3.67 3.95 3.97 3.73 3.50 3.35 3.25 3.19 3.13 3.02 2.89 2.81 2.78 2.76 2.76 2.77 2.79 2.90 3.04 3.14 3.14 3.14 3.16 3.15 3.15 3.35 3.98 4.84 5.47
4.94 4.68 4.23 3.90 3.78 4.02 4.39 4.64 4.69 4.63 4.68 4.94 5.33 5.65 5.79 5.89 6.02 6.18 6.38 6.66 7.03 7.42 7.73 8.02 8.25 8.30 8.18 7.78 6.96 6.06 5.54 5.44 5.46 5.46 5.43 5.39 5.14 4.68 4.47 4.65 4.92 5.08 5.09 5.00 4.84 4.62 4.40 4.18 3.94 3.72 3.59 3.50 3.43 3.39 3.46 3.69 3.92 3.88 3.60 3.36 3.22 3.13 3.08 3.03 2.92 2.78 2.67 2.61 2.55 2.51 2.47 2.47 2.55 2.69 2.81 2.86 2.89 2.93 2.94 2.96 3.21 3.88 4.80 5.48
