WindNinja-Server/Data/job/23becdaadf7c4ec2993497261e63d813/wncli/results/20171026T1600_vel.asc
ncols	108
nrows	170
xllcorner	726299.000000
yllcorner	5208948.000000
cellsize	29.150477
NODATA_value	-32768.000000
[rows 0 to 37 of 170, columns 0 to 83 of 108]
2.52 2.10 1.68 1.87 1.87 1.82 1.95 1.92 1.92 2.03 2.03 2.09 2.23 2.29 2.43 2.52 2.42 2.30 2.28 2.17 2.05 1.91 1.98 2.18 2.19 2.14 2.11 2.05 2.02 2.02 1.96 1.97 2.10 2.11 2.07 2.09 1.98 1.99 2.34 2.60 2.71 2.74 2.68 2.66 2.72 2.71 2.73 2.96 3.08 3.13 3.20 3.23 3.24 3.16 3.12 3.19 3.23 3.21 3.21 3.14 3.09 3.13 3.08 3.05 3.10 3.15 3.17 3.21 3.26 3.28 3.26 3.20 3.11 2.95 2.71 2.59 2.68 2.66 2.62 2.62 2.54 2.46 2.53 2.43
2.52 2.10 1.68 1.87 1.87 1.82 1.95 1.92 1.92 2.03 2.03 2.09 2.23 2.29 2.43 2.52 2.42 2.30 2.28 2.17 2.05 1.91 1.98 2.18 2.19 2.14 2.11 2.05 2.02 2.02 1.96 1.97 2.10 2.11 2.07 2.09 1.98 1.99 2.34 2.60 2.71 2.74 2.68 2.66 2.72 2.71 2.73 2.96 3.08 3.13 3.20 3.23 3.24 3.16 3.12 3.19 3.23 3.21 3.21 3.14 3.09 3.13 3.08 3.05 3.10 3.15 3.17 3.21 3.26 3.28 3.26 3.20 3.11 2.95 2.71 2.59 2.68 2.66 2.62 2.62 2.54 2.46 2.53 2.43
2.40 2.09 1.71 1.77 1.78 1.76 1.84 1.80 1.79 1.87 1.85 1.87 1.96 1.98 2.06 2.15 2.14 2.23 2.32 2.23 2.01 1.76 1.79 2.06 2.18 2.15 2.14 2.06 2.02 2.01 1.93 1.96 2.13 2.18 2.17 2.14 2.04 2.19 2.57 2.80 2.85 2.82 2.77 2.79 2.85 2.86 2.96 3.13 3.22 3.27 3.31 3.32 3.31 3.26 3.26 3.31 3.29 3.26 3.23 3.18 3.18 3.19 3.16 3.18 3.23 3.23 3.25 3.29 3.31 3.30 3.26 3.19 3.09 2.93 2.75 2.70 2.76 2.77 2.77 2.75 2.66 2.64 2.67 2.62
2.30 2.14 1.89 1.80 1.77 1.75 1.70 1.66 1.64 1.65 1.62 1.60 1.58 1.57 1.65 1.77 1.91 2.15 2.36 2.31 1.96 1.61 1.63 1.94 2.18 2.24 2.20 2.12 2.08 2.03 1.99 2.08 2.27 2.39 2.40 2.33 2.32 2.59 2.98 3.17 3.12 3.00 2.97 3.03 3.10 3.17 3.30 3.44 3.51 3.53 3.53 3.52 3.49 3.49 3.52 3.52 3.45 3.37 3.33 3.34 3.38 3.39 3.39 3.42 3.44 3.44 3.43 3.43 3.41 3.36 3.28 3.19 3.08 2.94 2.85 2.86 2.94 2.98 3.01 2.97 2.94 2.98 3.03 3.09
2.25 2.13 1.95 1.90 1.84 1.72 1.61 1.58 1.57 1.55 1.54 1.50 1.42 1.42 1.55 1.73 1.93 2.19 2.41 2.33 1.95 1.62 1.63 1.95 2.26 2.35 2.30 2.25 2.20 2.17 2.18 2.28 2.47 2.63 2.65 2.60 2.66 2.91 3.26 3.45 3.36 3.21 3.17 3.24 3.33 3.44 3.57 3.71 3.78 3.77 3.75 3.73 3.73 3.73 3.72 3.69 3.61 3.51 3.49 3.55 3.60 3.63 3.64 3.65 3.67 3.65 3.61 3.56 3.51 3.43 3.32 3.22 3.11 2.99 2.92 2.95 3.06 3.15 3.20 3.19 3.21 3.27 3.39 3.54
2.24 2.16 2.02 1.94 1.81 1.62 1.51 1.51 1.53 1.53 1.51 1.47 1.41 1.42 1.58 1.82 2.06 2.30 2.44 2.30 1.92 1.62 1.68 2.01 2.34 2.47 2.44 2.40 2.38 2.37 2.38 2.49 2.68 2.85 2.89 2.87 2.94 3.18 3.50 3.67 3.59 3.44 3.42 3.50 3.61 3.72 3.84 3.95 3.99 3.96 3.91 3.88 3.86 3.85 3.82 3.76 3.66 3.60 3.60 3.66 3.71 3.72 3.72 3.73 3.73 3.69 3.62 3.55 3.48 3.38 3.26 3.16 3.07 2.98 2.94 3.00 3.14 3.26 3.34 3.36 3.40 3.51 3.68 3.88
2.25 2.15 1.96 1.82 1.63 1.44 1.39 1.47 1.51 1.52 1.51 1.48 1.43 1.47 1.66 1.94 2.19 2.35 2.39 2.21 1.87 1.64 1.73 2.09 2.45 2.60 2.60 2.59 2.58 2.57 2.58 2.68 2.88 3.06 3.11 3.11 3.21 3.44 3.75 3.91 3.84 3.73 3.72 3.80 3.90 3.98 4.07 4.12 4.11 4.03 3.95 3.89 3.84 3.80 3.75 3.68 3.60 3.55 3.56 3.58 3.58 3.55 3.53 3.52 3.51 3.48 3.42 3.36 3.28 3.18 3.08 3.00 2.94 2.89 2.90 2.98 3.15 3.29 3.39 3.46 3.52 3.61 3.78 4.04
2.22 2.08 1.80 1.59 1.40 1.27 1.31 1.45 1.51 1.52 1.52 1.50 1.48 1.53 1.73 2.02 2.24 2.32 2.28 2.12 1.87 1.72 1.83 2.20 2.59 2.77 2.78 2.77 2.77 2.75 2.76 2.89 3.10 3.26 3.30 3.33 3.47 3.74 4.04 4.18 4.12 4.02 4.03 4.11 4.18 4.22 4.24 4.23 4.16 4.03 3.91 3.82 3.74 3.66 3.59 3.52 3.45 3.43 3.43 3.43 3.39 3.32 3.26 3.24 3.21 3.17 3.11 3.08 3.04 2.97 2.90 2.85 2.82 2.81 2.84 2.95 3.12 3.29 3.41 3.49 3.58 3.66 3.79 4.01
2.24 2.05 1.72 1.49 1.31 1.24 1.32 1.47 1.54 1.54 1.55 1.54 1.53 1.60 1.79 2.05 2.22 2.25 2.21 2.12 1.97 1.88 2.01 2.38 2.77 2.95 2.95 2.94 2.93 2.91 2.95 3.10 3.28 3.39 3.42 3.51 3.75 4.06 4.33 4.42 4.35 4.27 4.28 4.33 4.35 4.34 4.30 4.22 4.09 3.93 3.78 3.66 3.56 3.47 3.38 3.31 3.24 3.24 3.27 3.27 3.21 3.12 3.05 3.00 2.95 2.89 2.85 2.83 2.82 2.77 2.72 2.71 2.72 2.74 2.78 2.90 3.08 3.27 3.40 3.49 3.61 3.70 3.80 3.96
2.41 2.18 1.81 1.55 1.39 1.32 1.39 1.52 1.57 1.57 1.59 1.60 1.61 1.68 1.85 2.07 2.21 2.25 2.26 2.25 2.18 2.14 2.27 2.60 2.95 3.10 3.09 3.07 3.05 3.03 3.08 3.21 3.33 3.39 3.48 3.70 4.07 4.41 4.61 4.64 4.53 4.45 4.44 4.45 4.39 4.30 4.19 4.05 3.88 3.69 3.52 3.39 3.29 3.19 3.11 3.03 2.97 2.97 3.00 3.02 2.98 2.90 2.83 2.78 2.72 2.65 2.60 2.60 2.61 2.58 2.55 2.56 2.58 2.60 2.67 2.82 3.03 3.23 3.36 3.47 3.58 3.71 3.82 3.97
2.64 2.37 1.91 1.62 1.47 1.39 1.44 1.54 1.60 1.62 1.66 1.69 1.71 1.78 1.93 2.12 2.27 2.36 2.44 2.47 2.43 2.41 2.51 2.79 3.10 3.22 3.19 3.15 3.12 3.11 3.15 3.24 3.31 3.38 3.59 4.00 4.48 4.80 4.90 4.83 4.68 4.58 4.54 4.47 4.34 4.18 4.02 3.83 3.63 3.42 3.25 3.11 3.00 2.90 2.81 2.74 2.68 2.67 2.71 2.73 2.71 2.65 2.60 2.57 2.51 2.44 2.41 2.43 2.44 2.42 2.41 2.42 2.44 2.45 2.53 2.75 3.00 3.20 3.33 3.43 3.55 3.68 3.82 4.02
2.76 2.47 1.97 1.68 1.51 1.44 1.48 1.57 1.63 1.69 1.77 1.83 1.85 1.89 2.02 2.23 2.42 2.56 2.66 2.69 2.65 2.62 2.69 2.93 3.20 3.29 3.25 3.21 3.19 3.18 3.21 3.29 3.38 3.53 3.88 4.43 4.96 5.19 5.13 4.94 4.73 4.60 4.52 4.38 4.18 3.97 3.77 3.56 3.34 3.13 2.96 2.82 2.71 2.61 2.53 2.45 2.39 2.37 2.42 2.47 2.47 2.43 2.39 2.35 2.30 2.26 2.27 2.31 2.34 2.33 2.31 2.30 2.31 2.32 2.41 2.67 2.98 3.20 3.31 3.40 3.51 3.64 3.79 4.04
3.01 2.65 2.08 1.75 1.54 1.45 1.50 1.61 1.72 1.84 1.95 2.02 2.03 2.06 2.18 2.43 2.66 2.80 2.87 2.86 2.80 2.75 2.81 3.02 3.25 3.34 3.30 3.27 3.27 3.28 3.32 3.43 3.62 3.92 4.38 4.98 5.43 5.50 5.25 4.93 4.67 4.53 4.40 4.19 3.93 3.68 3.45 3.22 2.99 2.78 2.61 2.48 2.39 2.31 2.23 2.16 2.10 2.10 2.16 2.23 2.26 2.23 2.20 2.17 2.12 2.07 2.11 2.20 2.26 2.25 2.22 2.20 2.19 2.18 2.29 2.59 2.98 3.21 3.30 3.36 3.46 3.58 3.75 4.03
3.32 2.88 2.22 1.81 1.54 1.43 1.54 1.70 1.87 2.04 2.18 2.24 2.24 2.26 2.42 2.68 2.90 3.01 3.02 2.98 2.91 2.85 2.90 3.08 3.30 3.38 3.36 3.35 3.36 3.40 3.47 3.66 3.99 4.44 4.99 5.53 5.79 5.64 5.21 4.80 4.53 4.38 4.22 3.95 3.64 3.36 3.10 2.85 2.60 2.40 2.24 2.14 2.08 2.03 1.97 1.91 1.85 1.87 1.96 2.06 2.09 2.07 2.04 2.01 1.95 1.90 1.95 2.07 2.18 2.20 2.15 2.11 2.09 2.10 2.23 2.58 2.99 3.23 3.30 3.34 3.43 3.55 3.73 4.02
3.43 3.05 2.44 1.95 1.59 1.53 1.70 1.91 2.11 2.29 2.40 2.43 2.41 2.45 2.62 2.88 3.06 3.12 3.11 3.07 3.00 2.95 3.00 3.17 3.38 3.47 3.47 3.47 3.51 3.59 3.73 4.00 4.43 5.01 5.56 5.93 5.92 5.52 4.96 4.52 4.29 4.15 3.96 3.65 3.29 2.97 2.70 2.43 2.20 2.03 1.92 1.86 1.83 1.79 1.75 1.71 1.68 1.73 1.84 1.97 2.02 1.99 1.96 1.91 1.84 1.80 1.86 2.02 2.15 2.19 2.14 2.07 2.07 2.16 2.39 2.77 3.13 3.31 3.34 3.38 3.49 3.62 3.80 4.08
3.59 3.26 2.63 2.06 1.77 1.82 2.04 2.22 2.38 2.52 2.58 2.56 2.53 2.57 2.74 2.97 3.13 3.17 3.16 3.14 3.10 3.09 3.18 3.35 3.55 3.63 3.62 3.65 3.75 3.90 4.11 4.43 4.94 5.54 5.96 6.08 5.81 5.20 4.56 4.15 3.96 3.86 3.66 3.29 2.88 2.54 2.27 2.00 1.79 1.68 1.63 1.62 1.62 1.60 1.58 1.56 1.55 1.63 1.77 1.92 1.97 1.95 1.91 1.86 1.79 1.75 1.83 2.02 2.19 2.23 2.17 2.12 2.18 2.41 2.77 3.11 3.35 3.42 3.44 3.51 3.63 3.76 3.94 4.19
3.74 3.29 2.46 2.08 2.01 2.18 2.37 2.51 2.62 2.70 2.72 2.67 2.63 2.66 2.81 3.03 3.17 3.22 3.23 3.24 3.25 3.31 3.45 3.63 3.78 3.79 3.78 3.87 4.05 4.27 4.54 4.92 5.43 5.90 6.09 5.93 5.48 4.79 4.14 3.74 3.60 3.53 3.32 2.92 2.49 2.13 1.85 1.61 1.44 1.38 1.40 1.44 1.46 1.46 1.46 1.45 1.46 1.55 1.74 1.90 1.96 1.94 1.89 1.85 1.77 1.73 1.84 2.06 2.25 2.31 2.27 2.26 2.44 2.80 3.18 3.41 3.51 3.52 3.54 3.64 3.77 3.90 4.06 4.26
4.01 3.11 2.23 2.19 2.32 2.51 2.66 2.76 2.83 2.87 2.87 2.81 2.77 2.79 2.92 3.13 3.28 3.34 3.38 3.42 3.47 3.57 3.73 3.87 3.91 3.85 3.88 4.08 4.34 4.62 4.93 5.29 5.72 5.99 5.90 5.53 4.98 4.30 3.69 3.32 3.22 3.18 2.98 2.57 2.12 1.77 1.53 1.34 1.22 1.23 1.32 1.41 1.46 1.47 1.48 1.48 1.50 1.59 1.78 1.94 2.01 1.99 1.95 1.91 1.85 1.83 1.96 2.19 2.40 2.47 2.45 2.53 2.78 3.16 3.44 3.54 3.54 3.55 3.60 3.72 3.86 3.96 4.10 4.27
3.49 3.11 2.53 2.65 2.79 2.91 2.98 3.03 3.06 3.07 3.05 3.00 2.96 2.99 3.11 3.31 3.48 3.56 3.61 3.66 3.73 3.82 3.93 3.98 3.92 3.87 4.01 4.34 4.66 4.92 5.19 5.47 5.75 5.83 5.52 4.99 4.41 3.77 3.19 2.86 2.82 2.83 2.65 2.22 1.78 1.47 1.29 1.17 1.12 1.21 1.39 1.54 1.61 1.63 1.64 1.64 1.64 1.72 1.88 2.04 2.13 2.13 2.11 2.09 2.06 2.06 2.19 2.42 2.62 2.69 2.72 2.84 3.08 3.36 3.50 3.52 3.50 3.52 3.61 3.75 3.88 3.98 4.10 4.25
3.30 3.20 3.09 3.15 3.17 3.18 3.19 3.19 3.19 3.18 3.15 3.12 3.10 3.14 3.29 3.51 3.68 3.78 3.83 3.88 3.94 4.01 4.04 4.01 3.92 3.94 4.24 4.65 4.96 5.16 5.33 5.48 5.63 5.58 5.14 4.52 3.93 3.32 2.79 2.53 2.55 2.58 2.39 1.95 1.53 1.27 1.15 1.09 1.10 1.27 1.52 1.72 1.81 1.82 1.81 1.79 1.78 1.84 1.98 2.17 2.29 2.32 2.33 2.34 2.34 2.36 2.48 2.70 2.86 2.94 2.98 3.09 3.27 3.42 3.49 3.48 3.48 3.52 3.64 3.80 3.94 4.03 4.12 4.25
2.98 3.01 3.06 3.05 3.01 2.98 2.98 2.98 2.98 2.99 3.00 3.00 3.02 3.10 3.31 3.58 3.78 3.89 3.94 4.00 4.04 4.08 4.08 4.03 3.98 4.10 4.50 4.93 5.18 5.30 5.38 5.43 5.48 5.35 4.89 4.26 3.70 3.18 2.76 2.57 2.59 2.56 2.31 1.86 1.47 1.25 1.15 1.12 1.17 1.37 1.66 1.87 1.92 1.88 1.84 1.81 1.82 1.90 2.09 2.33 2.50 2.58 2.63 2.66 2.68 2.71 2.82 2.98 3.13 3.20 3.25 3.34 3.45 3.53 3.57 3.57 3.60 3.68 3.81 3.98 4.11 4.18 4.24 4.32
2.62 2.56 2.45 2.38 2.36 2.36 2.39 2.44 2.50 2.57 2.63 2.68 2.74 2.89 3.18 3.53 3.77 3.89 3.96 4.01 4.06 4.09 4.10 4.09 4.10 4.31 4.75 5.19 5.38 5.43 5.45 5.43 5.41 5.23 4.78 4.20 3.73 3.34 3.07 2.92 2.85 2.68 2.34 1.89 1.53 1.32 1.22 1.19 1.25 1.45 1.74 1.92 1.89 1.79 1.73 1.75 1.82 1.97 2.25 2.59 2.84 2.95 3.01 3.06 3.10 3.15 3.24 3.38 3.52 3.57 3.59 3.64 3.72 3.77 3.80 3.83 3.90 4.01 4.17 4.32 4.42 4.43 4.43 4.44
2.49 2.20 1.86 1.79 1.80 1.86 1.94 2.03 2.14 2.27 2.38 2.47 2.58 2.77 3.14 3.54 3.81 3.95 4.01 4.07 4.12 4.17 4.20 4.23 4.30 4.56 5.04 5.46 5.61 5.59 5.54 5.46 5.36 5.12 4.65 4.14 3.76 3.49 3.31 3.16 2.97 2.68 2.29 1.86 1.53 1.33 1.24 1.21 1.28 1.49 1.78 1.92 1.85 1.72 1.68 1.76 1.91 2.17 2.55 2.98 3.26 3.37 3.43 3.49 3.54 3.60 3.72 3.85 3.94 3.93 3.91 3.95 4.00 4.04 4.09 4.17 4.29 4.44 4.57 4.68 4.71 4.66 4.59 4.51
2.63 2.21 1.78 1.71 1.74 1.83 1.93 2.05 2.20 2.36 2.50 2.63 2.77 3.00 3.39 3.78 4.05 4.17 4.23 4.28 4.34 4.41 4.47 4.54 4.65 4.92 5.37 5.73 5.80 5.70 5.56 5.39 5.20 4.87 4.36 3.86 3.52 3.30 3.11 2.91 2.65 2.33 1.97 1.63 1.39 1.25 1.20 1.21 1.32 1.57 1.87 2.01 1.94 1.85 1.88 2.03 2.26 2.57 2.99 3.43 3.67 3.76 3.81 3.87 3.90 3.98 4.10 4.20 4.19 4.13 4.13 4.18 4.26 4.33 4.41 4.52 4.65 4.79 4.88 4.90 4.86 4.74 4.59 4.44
2.81 2.48 2.07 1.97 2.02 2.12 2.22 2.35 2.52 2.70 2.87 3.03 3.21 3.47 3.85 4.21 4.43 4.52 4.58 4.64 4.72 4.81 4.91 5.00 5.13 5.37 5.73 5.98 5.93 5.71 5.45 5.18 4.90 4.52 3.97 3.46 3.12 2.87 2.64 2.39 2.13 1.84 1.56 1.33 1.18 1.11 1.13 1.22 1.39 1.69 2.01 2.19 2.20 2.19 2.30 2.52 2.79 3.13 3.54 3.92 4.10 4.16 4.19 4.22 4.25 4.31 4.38 4.39 4.33 4.30 4.36 4.48 4.60 4.71 4.83 4.94 5.04 5.11 5.11 5.03 4.90 4.71 4.50 4.32
2.80 2.55 2.26 2.25 2.31 2.41 2.52 2.67 2.87 3.08 3.28 3.47 3.69 3.99 4.35 4.67 4.83 4.90 4.96 5.05 5.14 5.25 5.36 5.45 5.57 5.77 6.02 6.10 5.92 5.58 5.22 4.88 4.55 4.13 3.57 3.06 2.71 2.45 2.19 1.94 1.71 1.48 1.26 1.09 1.01 1.02 1.11 1.27 1.50 1.83 2.20 2.45 2.53 2.60 2.78 3.04 3.35 3.68 4.05 4.36 4.50 4.53 4.53 4.53 4.53 4.55 4.56 4.53 4.48 4.53 4.67 4.82 4.95 5.07 5.19 5.27 5.30 5.27 5.17 5.01 4.82 4.59 4.37 4.17
2.71 2.48 2.35 2.42 2.52 2.65 2.81 3.01 3.24 3.47 3.69 3.91 4.15 4.47 4.81 5.06 5.18 5.25 5.32 5.42 5.51 5.58 5.65 5.70 5.77 5.90 6.04 6.01 5.69 5.25 4.83 4.44 4.09 3.69 3.14 2.67 2.33 2.07 1.82 1.60 1.41 1.21 1.05 0.96 0.96 1.06 1.23 1.44 1.70 2.06 2.48 2.78 2.90 2.99 3.18 3.44 3.75 4.06 4.39 4.65 4.75 4.74 4.71 4.67 4.65 4.64 4.62 4.58 4.58 4.70 4.90 5.01 5.09 5.15 5.23 5.25 5.20 5.07 4.89 4.70 4.51 4.29 4.08 3.92
2.64 2.56 2.49 2.57 2.74 2.94 3.17 3.43 3.69 3.93 4.15 4.39 4.65 4.95 5.24 5.44 5.56 5.65 5.74 5.81 5.85 5.85 5.84 5.82 5.81 5.84 5.87 5.72 5.30 4.78 4.33 3.96 3.62 3.24 2.74 2.29 1.97 1.72 1.50 1.30 1.12 0.96 0.88 0.90 1.03 1.23 1.44 1.66 1.94 2.34 2.81 3.14 3.25 3.31 3.48 3.75 4.05 4.35 4.65 4.88 4.93 4.86 4.78 4.73 4.69 4.67 4.66 4.65 4.69 4.82 5.01 5.09 5.10 5.09 5.09 5.02 4.88 4.69 4.50 4.33 4.17 3.99 3.82 3.69
2.57 2.52 2.56 2.74 2.97 3.25 3.55 3.86 4.13 4.36 4.60 4.84 5.10 5.36 5.60 5.79 5.93 6.04 6.10 6.10 6.04 5.96 5.87 5.77 5.69 5.65 5.57 5.32 4.83 4.29 3.85 3.50 3.18 2.81 2.35 1.93 1.64 1.41 1.20 1.00 0.85 0.75 0.77 0.91 1.15 1.39 1.61 1.85 2.19 2.65 3.15 3.47 3.55 3.59 3.75 4.04 4.35 4.65 4.92 5.08 5.06 4.95 4.84 4.79 4.75 4.73 4.74 4.74 4.77 4.90 5.05 5.12 5.08 5.02 4.95 4.82 4.63 4.44 4.26 4.10 3.94 3.77 3.61 3.48
2.47 2.47 2.64 2.88 3.17 3.51 3.85 4.17 4.45 4.72 4.98 5.23 5.47 5.70 5.90 6.06 6.19 6.24 6.19 6.06 5.91 5.75 5.57 5.42 5.30 5.19 5.03 4.72 4.22 3.72 3.34 3.02 2.70 2.35 1.93 1.57 1.31 1.10 0.91 0.76 0.67 0.67 0.79 1.01 1.25 1.45 1.67 1.99 2.40 2.91 3.42 3.70 3.77 3.81 4.00 4.31 4.62 4.90 5.12 5.20 5.12 4.97 4.87 4.82 4.80 4.78 4.77 4.75 4.74 4.81 4.93 4.98 4.92 4.85 4.75 4.56 4.35 4.16 3.98 3.81 3.64 3.46 3.32 3.21
2.50 2.60 2.83 3.08 3.42 3.79 4.15 4.50 4.85 5.17 5.45 5.68 5.88 6.06 6.20 6.29 6.32 6.24 6.05 5.80 5.57 5.35 5.14 4.96 4.80 4.62 4.39 4.05 3.61 3.20 2.88 2.59 2.27 1.91 1.52 1.19 0.95 0.78 0.63 0.52 0.54 0.64 0.83 1.08 1.28 1.45 1.73 2.15 2.64 3.17 3.66 3.92 3.98 4.04 4.24 4.56 4.87 5.11 5.26 5.28 5.17 5.02 4.92 4.87 4.84 4.81 4.77 4.70 4.65 4.66 4.71 4.73 4.65 4.56 4.44 4.23 4.01 3.82 3.65 3.48 3.31 3.15 3.04 2.95
2.54 2.69 2.99 3.30 3.67 4.06 4.45 4.88 5.30 5.62 5.84 5.99 6.11 6.22 6.29 6.28 6.19 5.99 5.72 5.43 5.18 4.94 4.71 4.51 4.31 4.08 3.81 3.49 3.12 2.80 2.52 2.22 1.87 1.47 1.10 0.83 0.65 0.54 0.45 0.43 0.55 0.74 0.96 1.19 1.37 1.58 1.92 2.42 2.94 3.45 3.90 4.14 4.20 4.27 4.48 4.78 5.07 5.27 5.36 5.33 5.20 5.04 4.91 4.83 4.77 4.70 4.63 4.53 4.46 4.45 4.49 4.48 4.39 4.29 4.16 3.97 3.76 3.58 3.42 3.26 3.09 2.96 2.85 2.75
2.54 2.71 3.05 3.44 3.88 4.31 4.75 5.21 5.58 5.79 5.86 5.89 5.94 5.97 5.96 5.86 5.69 5.45 5.18 4.92 4.68 4.45 4.22 4.00 3.78 3.53 3.27 2.99 2.69 2.42 2.17 1.85 1.42 0.98 0.70 0.56 0.52 0.51 0.52 0.61 0.82 1.05 1.26 1.48 1.68 1.92 2.31 2.79 3.26 3.72 4.13 4.36 4.41 4.48 4.67 4.94 5.20 5.34 5.34 5.24 5.05 4.82 4.62 4.48 4.38 4.29 4.19 4.08 4.02 4.08 4.18 4.21 4.15 4.07 3.96 3.77 3.57 3.40 3.23 3.04 2.87 2.74 2.63 2.54
2.63 2.80 3.17 3.65 4.19 4.65 5.09 5.49 5.71 5.73 5.65 5.60 5.58 5.54 5.45 5.30 5.10 4.87 4.63 4.40 4.17 3.94 3.70 3.48 3.24 3.00 2.77 2.52 2.25 2.02 1.77 1.41 0.94 0.53 0.40 0.46 0.54 0.63 0.75 0.95 1.20 1.44 1.67 1.88 2.10 2.36 2.73 3.16 3.58 3.99 4.37 4.59 4.63 4.67 4.82 5.04 5.23 5.29 5.21 5.02 4.77 4.47 4.20 4.02 3.89 3.78 3.67 3.57 3.52 3.61 3.78 3.90 3.89 3.85 3.78 3.58 3.36 3.16 2.96 2.75 2.57 2.44 2.35 2.28
2.76 2.94 3.38 3.94 4.50 4.93 5.29 5.55 5.59 5.47 5.34 5.26 5.20 5.12 4.98 4.82 4.63 4.41 4.16 3.92 3.68 3.44 3.21 2.98 2.75 2.52 2.29 2.05 1.81 1.61 1.37 1.01 0.59 0.31 0.34 0.53 0.69 0.84 1.02 1.26 1.51 1.75 1.99 2.20 2.41 2.68 3.03 3.44 3.83 4.22 4.58 4.79 4.82 4.83 4.94 5.11 5.23 5.23 5.09 4.88 4.61 4.31 4.03 3.85 3.73 3.62 3.51 3.40 3.33 3.41 3.59 3.74 3.76 3.75 3.69 3.51 3.28 3.08 2.87 2.65 2.47 2.35 2.27 2.22
2.88 3.05 3.50 4.09 4.62 4.96 5.20 5.30 5.17 4.98 4.85 4.79 4.73 4.64 4.50 4.35 4.18 3.95 3.69 3.43 3.20 2.96 2.73 2.51 2.30 2.08 1.85 1.62 1.42 1.25 1.05 0.77 0.46 0.30 0.45 0.70 0.91 1.08 1.25 1.46 1.68 1.90 2.12 2.31 2.50 2.76 3.13 3.55 3.96 4.37 4.75 4.95 4.96 4.96 5.05 5.21 5.33 5.32 5.19 5.01 4.81 4.57 4.35 4.20 4.10 3.99 3.89 3.79 3.72 3.75 3.88 4.01 4.02 3.99 3.93 3.76 3.56 3.37 3.18 2.98 2.82 2.72 2.64 2.60
3.00 3.16 3.60 4.18 4.65 4.90 5.02 5.00 4.75 4.50 4.36 4.32 4.28 4.18 4.07 3.94 3.79 3.56 3.26 2.97 2.73 2.49 2.27 2.07 1.86 1.64 1.41 1.21 1.07 0.96 0.82 0.65 0.46 0.40 0.61 0.89 1.10 1.24 1.40 1.58 1.77 1.96 2.15 2.33 2.51 2.77 3.17 3.63 4.08 4.52 4.91 5.11 5.12 5.13 5.25 5.43 5.56 5.57 5.48 5.37 5.24 5.09 4.94 4.83 4.73 4.64 4.55 4.45 4.38 4.37 4.44 4.50 4.48 4.43 4.35 4.18 4.01 3.85 3.70 3.55 3.41 3.31 3.22 3.16
3.14 3.30 3.75 4.31 4.75 4.92 4.96 4.86 4.56 4.26 4.11 4.07 4.04 3.96 3.84 3.74 3.58 3.28 2.90 2.56 2.28 2.05 1.84 1.64 1.42 1.20 1.02 0.89 0.84 0.79 0.72 0.64 0.55 0.57 0.81 1.07 1.24 1.36 1.51 1.71 1.91 2.10 2.28 2.45 2.63 2.90 3.32 3.82 4.29 4.74 5.13 5.32 5.34 5.39 5.55 5.73 5.84 5.81 5.72 5.61 5.49 5.36 5.24 5.13 5.04 4.95 4.86 4.78 4.72 4.70 4.75 4.77 4.73 4.65 4.53 4.37 4.21 4.09 3.96 3.82 3.69 3.58 3.48 3.42
