WindNinja-Server/data/job/23becdaadf7c4ec2993497261e63d813/wncli/results/20171026T1500_ang.asc
ncols	108
nrows	170
xllcorner	726299.000000
yllcorner	5208948.000000
cellsize	29.150477
NODATA_value	-32768.000000
[rows 42 to 83 of 170, columns 0 to 93 of 108]
120 123 127 128 128 130 131 133 136 139 139 138 137 135 132 130 130 135 142 141 132 126 123 122 125 123 121 121 124 128 131 133 134 136 138 141 142 139 135 133 134 135 136 136 136 135 133 130 129 129 129 129 129 130 131 134 138 139 140 141 143 146 149 150 150 149 149 149 149 146 141 138 138 138 138 138 136 136 141 151 159 159 157 154 149 144 142 144 146 138 127 120 117 116
116 119 124 126 127 127 129 130 132 134 134 132 129 126 124 122 122 124 130 128 122 121 121 124 129 129 127 127 129 132 135 136 137 139 141 143 144 141 136 134 135 136 136 137 137 136 133 130 129 129 129 129 129 129 130 134 138 140 140 140 142 146 149 150 150 150 149 150 149 146 141 137 136 137 138 138 135 134 141 154 163 162 160 158 151 146 142 142 142 135 126 120 117 116
112 115 120 122 122 122 122 123 125 126 126 124 122 120 119 119 116 113 116 119 119 122 126 130 133 134 131 130 132 134 136 137 139 140 142 144 145 142 137 135 135 136 136 137 137 136 133 130 129 129 129 129 129 128 130 134 138 140 140 140 141 145 149 150 150 150 150 150 150 146 140 135 134 135 136 135 133 133 142 158 167 166 164 161 154 148 144 143 142 135 126 120 117 116
109 110 114 116 116 115 114 115 116 117 118 116 114 113 113 112 105 97 101 109 116 122 128 132 135 136 134 133 134 136 137 138 139 141 142 144 145 142 138 136 136 136 136 137 137 136 133 130 129 129 130 129 129 128 129 133 138 140 139 139 140 144 147 149 149 149 150 150 149 146 139 133 131 132 134 133 131 133 144 161 171 170 167 162 154 149 146 144 143 136 126 119 117 116
107 106 106 108 109 110 109 109 110 112 113 110 106 103 101 97 89 87 95 107 115 122 127 132 135 136 135 134 135 136 137 138 139 141 142 144 145 142 138 136 136 137 137 137 137 136 133 130 129 129 130 130 129 128 128 132 137 139 138 137 139 142 146 147 147 148 148 148 147 143 136 130 128 131 133 133 132 136 146 162 173 173 168 161 153 148 146 145 143 136 125 119 117 117
101 98 97 100 104 106 106 105 106 107 108 104 98 92 86 80 78 87 99 110 118 123 127 131 133 134 134 134 134 134 135 137 138 140 142 144 144 142 138 136 136 137 137 137 137 136 134 131 129 130 130 130 129 127 128 131 135 137 136 135 137 140 143 144 144 144 143 143 142 138 131 125 124 127 130 131 131 135 146 163 176 174 166 157 150 146 144 144 142 135 125 119 117 117
97 95 93 97 101 103 102 102 101 101 101 97 91 83 75 70 76 90 103 112 119 124 127 130 132 133 133 134 134 133 134 136 138 140 141 143 144 142 139 137 137 137 137 137 137 136 134 131 129 130 130 130 129 127 127 129 132 133 133 134 136 139 141 141 141 139 137 137 136 133 127 122 121 123 126 128 130 134 144 163 178 173 161 152 146 144 142 142 141 135 125 119 117 117
100 97 94 95 98 100 100 98 97 96 95 92 87 79 72 73 85 98 108 115 121 125 128 130 132 133 134 135 135 134 134 135 138 139 141 143 143 141 138 136 136 137 137 137 136 135 133 130 129 129 130 130 129 127 127 128 129 131 132 134 136 140 143 143 143 141 139 139 140 137 132 129 128 129 132 135 138 142 152 168 178 171 159 151 147 146 145 145 144 139 128 121 118 118
103 100 95 94 96 97 97 95 93 91 90 89 86 80 78 86 99 108 114 119 124 127 129 131 133 134 136 138 137 135 134 135 138 139 141 142 143 141 138 136 135 136 136 135 134 133 131 128 126 127 128 128 128 128 128 129 130 132 134 136 138 142 148 150 150 149 148 149 151 150 146 143 143 144 145 148 152 157 164 175 180 173 162 156 152 150 149 150 150 144 132 123 120 119
106 103 97 95 95 96 96 94 91 88 87 86 84 83 88 98 108 114 118 122 125 128 130 132 134 135 137 139 138 135 134 135 138 139 141 142 142 140 137 135 135 135 135 134 133 131 129 127 125 125 126 127 129 130 131 132 133 134 136 138 140 146 153 156 155 154 154 157 159 158 155 154 153 154 155 158 161 165 172 180 183 175 165 158 155 153 153 153 154 149 136 126 121 120
109 106 101 99 99 100 101 99 94 90 88 88 89 92 98 104 111 115 118 121 124 126 128 130 132 134 136 138 137 134 133 135 137 139 141 142 143 141 138 136 136 136 136 136 134 132 131 128 127 126 127 128 131 133 134 134 133 134 136 138 141 148 156 159 156 155 156 159 161 161 159 158 159 159 160 163 166 171 177 184 186 176 164 158 155 154 154 155 156 152 139 129 124 122
112 111 109 108 109 110 110 107 101 95 93 94 96 100 103 106 110 113 115 118 120 122 124 126 128 130 133 135 134 132 132 134 137 139 141 143 143 142 140 138 138 139 139 139 138 137 135 133 132 131 131 132 133 135 136 134 132 132 134 137 141 149 158 159 155 153 154 158 162 162 161 161 162 162 164 167 171 176 182 188 188 174 159 153 153 154 155 156 158 154 143 132 128 126
116 116 116 116 117 118 118 113 103 97 95 97 101 104 105 106 109 112 114 115 117 118 120 123 125 127 130 132 132 131 130 133 136 139 141 143 144 143 141 140 140 140 140 140 140 140 139 138 136 136 135 134 136 137 136 133 130 130 133 136 141 150 158 159 153 150 152 157 162 163 163 165 166 167 170 174 178 183 187 191 187 168 152 148 150 153 155 158 159 155 145 136 131 129
115 115 117 118 118 117 117 111 100 95 96 101 106 109 108 109 111 113 114 115 116 117 120 122 125 127 130 132 131 130 130 132 136 139 141 142 143 143 142 140 140 139 139 139 139 139 138 137 136 135 134 133 134 135 134 131 129 129 132 134 140 150 159 159 153 149 151 157 163 166 167 170 172 175 179 183 186 188 189 189 181 162 148 144 147 152 155 158 159 156 147 138 133 131
114 113 114 114 112 110 107 99 93 94 98 105 112 115 112 111 113 115 116 116 117 118 121 123 125 128 130 132 132 130 130 132 135 138 140 141 142 143 142 141 140 139 137 136 136 135 134 132 131 129 128 128 129 131 131 129 128 128 131 134 141 152 161 160 153 150 152 159 167 170 174 179 182 186 190 191 190 188 185 183 175 159 146 143 145 151 155 157 158 155 147 139 135 132
118 116 114 112 108 102 96 90 90 95 101 108 116 119 116 113 114 116 117 118 118 119 121 124 126 128 130 132 132 130 130 132 135 137 138 139 140 141 141 141 140 138 135 134 134 132 130 128 126 125 124 124 125 127 128 127 126 127 130 134 141 153 162 161 154 150 153 162 171 177 183 192 197 199 199 193 187 182 179 176 169 157 145 141 145 151 155 156 157 154 147 140 136 133
120 119 117 113 108 102 98 98 100 102 106 113 120 123 119 115 115 117 119 120 120 120 121 123 125 127 129 131 131 130 130 132 135 137 138 137 138 138 138 138 137 135 132 131 132 132 130 128 126 125 124 124 124 125 125 125 125 127 130 134 142 153 162 160 153 150 155 166 177 184 193 204 208 206 198 187 180 176 174 171 165 155 144 141 146 154 157 157 156 154 147 140 136 133
124 122 119 117 112 107 108 113 113 111 113 118 125 126 121 117 117 119 120 121 120 120 121 122 124 126 128 130 130 130 130 132 135 137 137 136 136 135 135 135 133 130 128 128 130 131 130 129 128 127 126 125 125 125 124 124 124 126 129 133 141 151 159 158 151 149 156 170 183 192 202 213 213 203 189 179 175 174 172 169 163 153 144 142 148 155 158 157 156 153 147 140 135 132
138 134 127 125 121 117 119 123 122 120 119 123 128 128 122 118 118 119 121 121 120 119 120 122 123 125 127 129 130 130 131 132 134 136 136 136 134 134 134 135 132 129 127 127 129 130 131 131 130 129 127 126 125 124 124 123 123 124 128 133 140 149 155 154 150 150 159 175 190 200 210 217 213 196 179 172 172 172 171 167 161 152 144 143 148 155 158 157 156 153 146 139 135 131
155 152 146 142 139 134 131 130 128 125 123 125 129 128 123 119 118 120 122 122 120 120 120 121 123 124 126 128 129 130 131 132 133 133 134 134 132 133 135 137 135 131 129 129 129 130 131 132 132 130 128 126 125 124 123 122 121 123 128 134 141 148 152 152 150 153 164 182 197 206 212 216 207 186 169 165 168 171 169 164 157 149 142 141 147 154 156 155 154 151 145 138 134 131
170 169 164 159 155 147 139 135 132 128 126 127 130 129 124 120 119 121 122 122 121 120 120 121 122 123 125 127 130 131 132 132 131 131 131 131 131 132 136 139 137 134 131 130 130 130 131 133 133 131 129 127 125 123 123 122 121 122 127 134 141 146 150 151 152 157 170 188 202 209 213 213 201 179 163 161 166 169 166 160 153 146 140 139 144 151 154 153 152 149 144 138 134 131
184 182 175 169 164 155 145 138 134 132 129 130 131 130 124 120 119 121 122 122 122 121 120 120 121 123 125 127 130 132 133 132 130 128 128 129 130 132 137 140 138 135 132 131 130 130 131 133 134 132 129 127 125 123 122 121 120 121 126 134 140 144 148 150 154 162 176 192 206 211 212 210 196 174 159 159 165 169 164 156 150 144 138 138 142 149 152 151 150 147 143 138 134 130
195 191 182 176 170 161 150 142 138 137 135 134 134 131 126 121 121 122 123 124 123 122 121 121 121 123 125 127 130 133 134 132 128 125 126 128 131 133 137 139 138 134 132 130 129 129 131 133 134 132 128 126 123 121 120 119 118 119 125 133 138 142 145 150 156 167 180 196 208 211 211 206 191 170 157 158 166 168 162 153 147 141 136 136 140 147 150 149 147 145 141 137 133 129
198 195 187 180 174 165 154 146 142 141 139 138 137 134 128 123 123 124 125 125 125 125 124 123 123 125 127 128 130 133 134 131 126 123 124 127 131 133 136 138 136 132 130 128 127 127 129 132 133 130 127 124 121 118 117 116 116 118 124 131 137 140 143 148 157 169 183 198 209 211 208 202 188 168 156 157 165 168 160 151 145 139 134 133 138 144 147 147 145 142 139 136 133 128
200 197 189 182 176 168 157 149 146 144 142 140 139 135 130 125 124 125 126 126 126 126 125 125 125 126 127 128 130 133 134 130 124 121 123 127 130 132 135 137 135 131 129 128 127 128 130 133 135 131 127 124 120 118 116 116 116 119 125 131 136 139 143 148 158 171 184 197 207 208 204 198 185 167 155 157 164 167 160 151 144 138 133 132 137 143 146 145 143 140 138 136 134 129
201 198 190 184 178 170 159 151 148 146 144 142 140 137 131 126 125 126 126 126 125 125 125 124 124 125 126 127 130 134 136 132 125 122 124 129 132 135 139 142 140 137 135 134 134 134 137 141 142 138 134 130 126 123 122 121 122 125 130 135 140 143 147 153 163 174 184 195 203 203 199 195 183 166 155 157 164 167 160 152 146 141 136 134 138 144 146 145 143 141 139 138 135 130
200 197 191 185 179 171 161 153 150 148 146 144 141 137 132 127 126 126 126 126 125 124 123 123 122 123 124 126 129 134 137 134 127 124 126 132 137 140 144 148 146 144 143 142 142 143 145 149 150 146 142 138 134 131 130 129 130 132 137 141 145 149 153 159 168 177 185 193 200 200 197 192 182 166 156 157 164 166 161 153 147 143 139 137 141 145 147 145 143 142 140 139 136 130
199 197 192 186 180 171 160 153 150 148 147 144 141 137 132 128 126 126 126 125 124 123 122 121 121 122 123 126 129 135 139 135 129 125 128 134 140 143 147 150 149 147 146 146 146 147 150 153 153 150 145 142 139 136 135 134 135 137 141 146 150 153 157 163 171 179 186 194 200 200 196 191 180 165 155 157 164 165 159 152 147 143 139 138 141 145 146 145 144 142 141 139 136 130
199 198 194 188 181 170 158 150 146 145 144 141 139 136 132 129 127 127 126 125 123 122 121 120 120 122 124 126 130 135 139 135 128 125 127 134 140 143 146 148 147 145 145 145 145 147 150 153 153 150 145 142 139 137 135 135 136 138 143 147 151 155 159 166 174 182 188 195 202 201 197 191 178 163 153 155 162 164 157 149 144 141 138 137 139 143 144 144 142 141 139 138 134 128
203 202 198 191 182 168 154 145 141 140 140 138 136 134 132 130 128 127 126 125 123 121 120 120 120 122 125 127 130 135 138 134 127 123 125 132 138 140 142 143 142 142 142 142 142 144 147 151 152 149 144 140 138 136 135 135 135 138 142 148 152 156 161 167 176 184 190 197 204 204 198 190 176 160 151 153 160 162 155 147 141 138 136 134 137 140 142 142 140 139 137 136 132 126
209 208 203 196 185 169 153 143 140 139 138 137 135 134 133 131 129 127 126 124 123 121 120 119 120 122 126 128 131 135 137 132 125 121 123 130 135 136 137 138 139 139 140 140 140 142 145 150 151 148 143 140 138 136 135 135 135 138 143 148 154 158 162 169 178 186 193 200 206 205 199 189 174 158 149 151 158 160 153 145 139 137 135 134 136 139 140 140 139 137 135 134 129 124
214 212 206 198 186 172 158 149 145 143 141 139 136 135 133 131 129 127 125 124 122 121 120 119 119 122 126 128 130 134 135 131 124 120 122 129 134 134 135 135 136 138 139 139 138 140 143 148 149 146 142 139 138 136 135 135 135 137 143 149 155 159 163 171 180 189 196 203 208 206 198 187 172 156 148 150 157 158 152 143 138 136 135 134 136 139 140 139 137 135 133 131 127 122
217 213 206 196 184 172 161 153 149 147 144 141 138 135 133 131 129 126 124 123 122 121 119 118 118 121 126 128 129 131 132 128 122 120 122 129 133 133 132 133 134 137 138 136 135 136 139 145 148 145 142 139 138 137 136 135 134 137 142 150 156 160 165 173 183 192 198 204 208 205 196 184 169 154 146 149 155 157 150 142 137 135 135 135 137 139 139 137 135 132 130 129 125 120
221 216 203 191 181 170 161 154 150 148 145 142 139 136 134 132 130 127 124 123 122 121 119 118 118 121 126 129 128 129 129 126 122 120 122 128 132 131 130 130 132 136 137 134 132 132 136 142 146 145 142 140 139 138 137 136 134 136 143 151 157 161 167 176 186 194 199 205 208 204 193 180 166 152 145 147 153 154 149 141 136 135 135 135 137 140 139 136 133 130 128 127 123 119
224 216 199 187 177 168 159 153 150 148 146 143 140 138 136 134 131 128 125 123 122 121 119 117 117 120 125 129 128 128 128 126 123 121 123 128 132 130 129 129 132 136 138 135 131 131 135 142 145 144 142 141 140 140 138 136 134 136 143 152 158 164 170 180 190 197 201 206 209 203 190 176 162 149 143 145 151 152 147 139 135 134 134 135 137 140 140 136 132 129 128 128 124 120
218 210 195 183 175 166 158 152 150 148 146 144 141 139 138 136 133 129 126 124 122 121 119 117 117 119 125 129 129 128 128 126 124 122 123 128 131 130 128 128 132 137 139 135 130 130 135 141 144 144 143 143 142 141 140 137 134 136 144 152 160 167 176 186 195 202 206 210 211 202 185 170 158 147 141 143 148 150 145 138 134 133 134 135 137 140 139 135 131 129 129 129 126 121
212 205 191 180 173 164 157 152 150 148 146 144 142 140 139 137 134 130 126 124 123 121 119 117 116 119 125 130 130 128 127 126 124 122 124 129 132 130 128 128 132 138 141 135 129 129 134 140 144 144 145 145 145 143 142 138 135 137 144 152 160 169 182 194 203 209 213 215 213 199 179 164 153 144 140 141 146 147 143 137 133 132 133 134 137 140 139 134 130 129 129 130 127 121
206 198 185 177 170 163 156 151 149 148 146 144 142 140 139 137 135 130 126 124 123 121 119 117 116 118 125 130 130 128 127 126 124 123 126 131 133 131 129 129 134 141 143 137 130 129 134 140 143 144 146 148 147 146 144 140 136 137 144 151 158 171 189 204 213 219 220 218 211 193 172 158 150 143 138 140 143 144 140 135 131 130 131 132 135 139 138 135 132 131 132 132 128 122
196 190 180 173 167 161 155 151 149 147 145 143 141 140 139 138 135 130 126 124 123 121 120 117 116 118 124 129 129 128 127 126 125 124 127 132 135 133 130 131 136 143 145 139 131 130 134 140 143 144 147 149 148 147 146 143 139 139 144 149 157 174 197 213 222 226 223 216 205 184 165 153 146 141 137 138 141 141 137 133 129 127 127 128 131 135 137 136 134 134 134 133 129 122
186 182 174 168 163 158 153 150 148 146 144 142 141 139 138 137 134 130 126 124 123 121 120 118 117 118 124 129 130 129 128 127 126 125 128 133 136 134 131 132 137 145 147 140 133 131 134 139 142 144 148 149 148 147 146 143 139 140 144 148 158 180 204 217 224 226 220 209 195 175 158 148 143 139 136 137 139 139 136 131 128 125 125 126 129 133 135 136 135 135 134 133 129 123
177 174 169 164 160 155 151 148 146 144 142 140 139 138 137 136 134 130 126 123 122 121 120 118 118 119 125 131 132 132 131 130 128 127 130 134 137 135 132 133 139 147 150 143 134 132 135 140 143 145 148 149 146 144 143 139 136 137 140 145 160 186 207 215 218 219 211 199 186 168 152 142 137 134 132 133 136 136 134 130 128 126 127 129 132 135 136 136 135 134 133 132 129 123
169 168 165 161 157 153 149 147 144 142 140 139 138 137 136 135 133 129 125 123 122 121 120 119 119 121 127 133 135 135 134 133 131 129 131 134 136 135 133 135 141 149 152 145 137 134 137 142 144 146 148 147 144 141 138 135 132 133 134 140 159 188 206 211 212 211 203 191 178 164 148 137 133 130 128 129 132 133 131 129 128 127 129 131 134 135 136 135 135 135 133 132 128 123
