WindNinja-Server/Data/job/23becdaadf7c4ec2993497261e63d813/wncli/results/20171026T1600_vel.asc
ncols	108
nrows	170
xllcorner	726299.000000
yllcorner	5208948.000000
cellsize	29.150477
NODATA_value	-32768.000000
[rows 76 to 113 of 170, columns 0 to 83 of 108]
3.08 2.83 2.58 2.60 2.68 2.80 2.96 3.18 3.39 3.56 3.70 3.83 3.94 4.04 4.08 4.12 4.22 4.51 4.94 5.33 5.63 5.91 6.21 6.62 6.83 6.31 5.23 4.43 4.04 3.87 3.99 4.47 4.99 5.00 4.32 3.55 3.24 3.30 3.51 3.61 3.43 3.05 2.77 2.81 3.06 3.28 3.31 3.23 3.21 3.28 3.31 3.21 3.08 2.97 2.90 2.86 2.81 2.63 2.41 2.26 2.17 2.08 1.99 1.94 1.95 1.94 1.90 1.86 1.80 1.70 1.71 1.88 2.19 2.63 2.98 3.02 2.97 3.05 3.26 3.47 3.44 3.15 2.78 2.42
3.16 2.98 2.79 2.79 2.88 3.02 3.21 3.44 3.63 3.76 3.86 3.96 4.07 4.15 4.19 4.23 4.35 4.65 5.08 5.44 5.68 5.89 6.16 6.55 6.72 6.13 4.97 4.21 3.99 4.02 4.23 4.60 4.92 4.83 4.21 3.53 3.24 3.33 3.56 3.63 3.37 2.93 2.67 2.82 3.21 3.48 3.47 3.31 3.27 3.31 3.26 3.12 2.97 2.87 2.80 2.79 2.74 2.57 2.35 2.23 2.14 2.05 1.97 1.94 1.95 1.92 1.83 1.74 1.64 1.53 1.59 1.84 2.25 2.73 3.05 3.04 2.95 2.99 3.14 3.25 3.13 2.78 2.39 2.04
2.93 2.88 2.87 2.95 3.07 3.23 3.45 3.67 3.81 3.90 3.98 4.06 4.16 4.23 4.26 4.30 4.44 4.75 5.17 5.49 5.69 5.85 6.09 6.46 6.60 5.96 4.79 4.10 4.00 4.14 4.36 4.58 4.76 4.66 4.14 3.55 3.29 3.38 3.61 3.66 3.34 2.87 2.66 2.89 3.37 3.64 3.56 3.36 3.33 3.34 3.23 3.04 2.89 2.79 2.74 2.73 2.68 2.49 2.27 2.12 2.01 1.90 1.80 1.78 1.80 1.79 1.71 1.62 1.52 1.44 1.56 1.91 2.38 2.84 3.08 2.99 2.85 2.84 2.91 2.92 2.73 2.37 1.99 1.69
2.72 2.74 2.88 3.06 3.23 3.43 3.65 3.83 3.91 3.95 4.01 4.09 4.18 4.25 4.29 4.34 4.49 4.81 5.21 5.50 5.66 5.79 6.02 6.38 6.49 5.83 4.68 4.05 4.03 4.22 4.39 4.53 4.64 4.58 4.16 3.62 3.37 3.46 3.69 3.73 3.40 2.96 2.79 3.05 3.54 3.79 3.65 3.43 3.38 3.34 3.17 2.96 2.84 2.77 2.72 2.69 2.60 2.38 2.10 1.90 1.72 1.53 1.41 1.41 1.47 1.53 1.52 1.47 1.43 1.45 1.68 2.11 2.56 2.91 3.02 2.83 2.62 2.54 2.53 2.45 2.23 1.90 1.60 1.37
2.65 2.74 2.96 3.18 3.41 3.64 3.83 3.94 3.95 3.96 4.02 4.10 4.20 4.27 4.31 4.38 4.54 4.85 5.23 5.49 5.61 5.74 5.97 6.31 6.38 5.72 4.61 4.05 4.08 4.28 4.43 4.51 4.60 4.56 4.18 3.68 3.45 3.56 3.79 3.82 3.51 3.10 2.95 3.21 3.68 3.88 3.70 3.45 3.36 3.26 3.06 2.88 2.80 2.74 2.68 2.60 2.45 2.16 1.85 1.59 1.34 1.14 1.06 1.07 1.16 1.27 1.29 1.29 1.33 1.50 1.85 2.32 2.69 2.89 2.86 2.60 2.35 2.19 2.09 1.94 1.73 1.48 1.26 1.13
2.53 2.69 2.98 3.23 3.47 3.71 3.86 3.90 3.86 3.88 3.97 4.09 4.19 4.26 4.31 4.38 4.55 4.86 5.21 5.44 5.57 5.71 5.95 6.25 6.28 5.63 4.63 4.15 4.21 4.41 4.52 4.55 4.60 4.56 4.19 3.71 3.51 3.64 3.87 3.89 3.60 3.22 3.09 3.33 3.76 3.93 3.70 3.42 3.28 3.14 2.93 2.78 2.68 2.57 2.44 2.30 2.10 1.78 1.48 1.25 1.04 0.93 0.92 0.94 1.01 1.11 1.14 1.17 1.28 1.52 1.93 2.38 2.63 2.69 2.58 2.29 2.01 1.82 1.68 1.54 1.38 1.23 1.11 1.06
2.46 2.62 2.92 3.16 3.38 3.56 3.65 3.65 3.65 3.73 3.89 4.04 4.14 4.21 4.26 4.34 4.51 4.81 5.15 5.39 5.54 5.72 5.97 6.23 6.21 5.62 4.78 4.40 4.46 4.60 4.64 4.61 4.63 4.55 4.17 3.70 3.54 3.71 3.96 3.98 3.70 3.35 3.24 3.45 3.83 3.95 3.69 3.38 3.19 2.99 2.74 2.54 2.36 2.15 1.94 1.77 1.57 1.31 1.11 0.96 0.86 0.86 0.92 0.95 0.99 1.07 1.11 1.16 1.28 1.51 1.87 2.23 2.36 2.32 2.16 1.88 1.62 1.45 1.34 1.26 1.19 1.14 1.12 1.15
2.51 2.64 2.87 3.07 3.23 3.35 3.38 3.38 3.47 3.65 3.85 4.00 4.09 4.16 4.22 4.30 4.46 4.76 5.10 5.35 5.54 5.78 6.03 6.23 6.18 5.64 4.95 4.63 4.64 4.69 4.68 4.62 4.60 4.46 4.06 3.64 3.57 3.82 4.08 4.07 3.79 3.48 3.39 3.57 3.87 3.94 3.65 3.30 3.03 2.74 2.42 2.15 1.91 1.66 1.45 1.32 1.17 1.01 0.90 0.83 0.80 0.85 0.94 0.98 1.01 1.08 1.13 1.21 1.32 1.50 1.77 2.04 2.08 1.98 1.80 1.56 1.33 1.18 1.12 1.11 1.11 1.14 1.19 1.28
2.52 2.60 2.78 2.95 3.07 3.15 3.18 3.23 3.40 3.63 3.83 3.95 4.03 4.10 4.15 4.22 4.39 4.68 5.03 5.31 5.56 5.84 6.08 6.22 6.12 5.58 4.91 4.58 4.53 4.53 4.49 4.44 4.39 4.21 3.84 3.56 3.65 3.96 4.19 4.10 3.77 3.49 3.42 3.57 3.82 3.82 3.48 3.09 2.76 2.42 2.09 1.82 1.61 1.43 1.31 1.22 1.13 1.03 0.98 0.94 0.91 0.95 1.04 1.07 1.09 1.15 1.21 1.31 1.43 1.58 1.79 1.99 1.98 1.85 1.68 1.47 1.27 1.15 1.11 1.13 1.16 1.23 1.32 1.44
2.46 2.51 2.64 2.79 2.91 3.00 3.07 3.17 3.36 3.60 3.79 3.88 3.94 4.00 4.04 4.10 4.26 4.57 4.95 5.26 5.55 5.87 6.07 6.14 5.98 5.40 4.69 4.32 4.22 4.19 4.13 4.10 4.05 3.89 3.65 3.58 3.80 4.10 4.22 4.03 3.67 3.41 3.34 3.46 3.66 3.62 3.22 2.78 2.43 2.11 1.84 1.68 1.58 1.52 1.49 1.45 1.41 1.36 1.33 1.28 1.21 1.20 1.24 1.24 1.24 1.28 1.34 1.46 1.60 1.77 1.97 2.13 2.09 1.95 1.79 1.59 1.41 1.29 1.25 1.27 1.31 1.39 1.49 1.60
2.45 2.47 2.55 2.68 2.81 2.92 3.01 3.13 3.34 3.58 3.75 3.83 3.88 3.93 3.96 4.01 4.16 4.48 4.89 5.23 5.55 5.87 6.03 6.03 5.82 5.23 4.51 4.11 3.99 3.94 3.88 3.86 3.83 3.74 3.65 3.73 3.97 4.17 4.14 3.88 3.51 3.26 3.20 3.30 3.46 3.37 2.93 2.48 2.13 1.86 1.69 1.66 1.71 1.75 1.77 1.78 1.76 1.72 1.67 1.58 1.48 1.44 1.44 1.40 1.37 1.40 1.47 1.61 1.78 1.99 2.19 2.29 2.22 2.05 1.88 1.70 1.53 1.41 1.36 1.38 1.44 1.53 1.64 1.76
2.46 2.48 2.56 2.69 2.82 2.94 3.04 3.16 3.37 3.62 3.79 3.87 3.91 3.96 3.98 4.02 4.16 4.49 4.90 5.26 5.59 5.89 6.00 5.94 5.73 5.17 4.49 4.08 3.97 3.91 3.86 3.85 3.84 3.81 3.81 3.93 4.09 4.10 3.91 3.59 3.22 2.98 2.92 3.02 3.18 3.07 2.61 2.17 1.87 1.69 1.65 1.75 1.86 1.91 1.93 1.92 1.88 1.83 1.74 1.61 1.50 1.49 1.49 1.46 1.44 1.47 1.57 1.72 1.90 2.09 2.23 2.24 2.09 1.91 1.75 1.60 1.47 1.40 1.40 1.47 1.57 1.68 1.81 1.96
2.48 2.52 2.64 2.78 2.91 3.04 3.14 3.28 3.49 3.74 3.91 4.00 4.04 4.08 4.10 4.13 4.27 4.59 5.01 5.36 5.68 5.94 6.00 5.91 5.69 5.17 4.53 4.16 4.06 4.02 4.00 4.01 4.02 4.00 4.00 4.07 4.09 3.90 3.57 3.21 2.86 2.61 2.53 2.66 2.86 2.75 2.30 1.90 1.69 1.64 1.73 1.89 1.97 1.97 1.91 1.86 1.78 1.69 1.57 1.43 1.36 1.38 1.42 1.42 1.45 1.54 1.66 1.80 1.93 2.02 2.02 1.94 1.75 1.56 1.43 1.34 1.30 1.32 1.43 1.58 1.74 1.89 2.04 2.21
2.52 2.58 2.72 2.88 3.02 3.15 3.26 3.40 3.63 3.88 4.06 4.14 4.18 4.20 4.21 4.24 4.39 4.72 5.13 5.48 5.77 5.99 5.99 5.85 5.60 5.10 4.49 4.15 4.06 4.05 4.07 4.09 4.08 4.03 3.97 3.96 3.84 3.51 3.14 2.80 2.50 2.26 2.19 2.35 2.59 2.50 2.06 1.71 1.61 1.68 1.83 1.96 1.98 1.90 1.81 1.73 1.63 1.52 1.39 1.28 1.24 1.27 1.33 1.37 1.47 1.60 1.74 1.85 1.89 1.84 1.74 1.60 1.43 1.29 1.20 1.18 1.22 1.33 1.54 1.77 1.96 2.11 2.28 2.47
2.57 2.63 2.79 2.96 3.10 3.23 3.34 3.48 3.70 3.96 4.13 4.19 4.20 4.21 4.20 4.23 4.38 4.73 5.18 5.52 5.78 5.94 5.89 5.70 5.41 4.86 4.26 3.94 3.86 3.86 3.88 3.87 3.77 3.63 3.55 3.53 3.37 3.00 2.69 2.45 2.20 1.97 1.91 2.11 2.39 2.33 1.93 1.63 1.59 1.70 1.84 1.90 1.86 1.77 1.69 1.62 1.53 1.43 1.33 1.25 1.23 1.25 1.31 1.38 1.49 1.61 1.72 1.77 1.73 1.63 1.52 1.41 1.32 1.25 1.23 1.27 1.37 1.54 1.77 1.98 2.12 2.26 2.47 2.70
2.62 2.69 2.85 3.02 3.16 3.28 3.37 3.49 3.70 3.95 4.10 4.14 4.12 4.11 4.10 4.13 4.30 4.67 5.14 5.48 5.70 5.82 5.72 5.49 5.16 4.58 3.96 3.64 3.57 3.59 3.56 3.43 3.21 3.03 3.04 3.13 3.03 2.73 2.45 2.23 1.97 1.71 1.65 1.89 2.23 2.21 1.85 1.56 1.54 1.65 1.75 1.76 1.69 1.62 1.58 1.53 1.46 1.38 1.30 1.26 1.26 1.29 1.35 1.43 1.52 1.59 1.62 1.60 1.51 1.43 1.37 1.35 1.34 1.36 1.42 1.52 1.65 1.82 2.00 2.13 2.22 2.38 2.65 2.93
2.70 2.76 2.92 3.09 3.22 3.31 3.38 3.48 3.67 3.90 4.06 4.08 4.05 4.02 4.02 4.06 4.24 4.62 5.10 5.41 5.59 5.67 5.54 5.27 4.89 4.32 3.74 3.45 3.41 3.39 3.27 3.03 2.78 2.70 2.84 3.05 3.04 2.76 2.46 2.18 1.82 1.49 1.43 1.73 2.13 2.16 1.82 1.53 1.50 1.61 1.71 1.72 1.64 1.56 1.50 1.46 1.40 1.33 1.28 1.27 1.29 1.34 1.42 1.49 1.54 1.55 1.53 1.46 1.37 1.32 1.33 1.38 1.45 1.54 1.66 1.80 1.94 2.08 2.19 2.26 2.34 2.55 2.88 3.17
2.77 2.82 2.97 3.12 3.23 3.30 3.35 3.44 3.63 3.87 4.04 4.06 4.02 3.99 4.00 4.06 4.25 4.62 5.06 5.33 5.46 5.51 5.35 5.01 4.62 4.11 3.65 3.44 3.36 3.23 2.99 2.73 2.58 2.59 2.80 3.06 3.12 2.87 2.53 2.19 1.77 1.40 1.34 1.68 2.12 2.18 1.88 1.60 1.58 1.70 1.82 1.83 1.72 1.58 1.48 1.42 1.37 1.33 1.30 1.31 1.35 1.40 1.46 1.52 1.55 1.55 1.53 1.49 1.45 1.45 1.51 1.61 1.73 1.86 2.00 2.14 2.26 2.36 2.42 2.47 2.58 2.81 3.12 3.38
2.82 2.87 3.00 3.13 3.21 3.27 3.31 3.40 3.61 3.87 4.05 4.06 4.01 3.99 4.03 4.11 4.31 4.65 5.02 5.21 5.28 5.29 5.08 4.71 4.33 3.96 3.67 3.51 3.32 2.99 2.67 2.51 2.51 2.61 2.84 3.12 3.21 2.95 2.55 2.16 1.70 1.31 1.28 1.68 2.16 2.27 2.02 1.78 1.76 1.88 2.00 1.99 1.80 1.57 1.41 1.34 1.30 1.30 1.33 1.38 1.42 1.45 1.49 1.52 1.54 1.56 1.59 1.62 1.67 1.76 1.88 2.04 2.19 2.32 2.45 2.55 2.62 2.68 2.72 2.78 2.88 3.08 3.34 3.55
2.93 2.96 3.04 3.13 3.20 3.25 3.29 3.39 3.61 3.88 4.05 4.05 4.00 4.01 4.07 4.18 4.38 4.68 4.94 5.03 5.03 5.00 4.77 4.41 4.11 3.89 3.75 3.61 3.26 2.75 2.40 2.40 2.56 2.74 2.98 3.26 3.34 3.03 2.55 2.09 1.62 1.25 1.29 1.77 2.31 2.45 2.24 2.02 1.99 2.08 2.17 2.10 1.84 1.53 1.34 1.27 1.29 1.36 1.43 1.49 1.53 1.55 1.56 1.58 1.60 1.65 1.73 1.82 1.94 2.09 2.27 2.48 2.64 2.76 2.85 2.90 2.93 2.95 2.98 3.02 3.10 3.25 3.48 3.68
3.01 3.00 3.05 3.14 3.19 3.23 3.27 3.38 3.61 3.88 4.04 4.04 4.01 4.04 4.11 4.23 4.41 4.61 4.75 4.75 4.71 4.68 4.48 4.19 4.00 3.88 3.83 3.70 3.29 2.70 2.33 2.40 2.68 2.94 3.19 3.46 3.54 3.22 2.66 2.15 1.74 1.47 1.55 2.08 2.63 2.78 2.56 2.32 2.23 2.28 2.34 2.24 1.96 1.64 1.48 1.47 1.57 1.68 1.72 1.74 1.76 1.76 1.77 1.80 1.84 1.92 2.03 2.15 2.29 2.46 2.65 2.84 2.96 3.03 3.06 3.06 3.06 3.06 3.07 3.10 3.15 3.30 3.53 3.74
3.05 3.04 3.11 3.19 3.22 3.22 3.25 3.36 3.60 3.88 4.05 4.07 4.06 4.09 4.16 4.24 4.33 4.42 4.46 4.42 4.42 4.41 4.28 4.09 4.00 3.94 3.90 3.80 3.39 2.81 2.46 2.59 2.94 3.25 3.49 3.73 3.81 3.48 2.91 2.41 2.13 2.04 2.19 2.64 3.08 3.17 2.91 2.62 2.50 2.52 2.56 2.45 2.18 1.92 1.82 1.88 2.05 2.15 2.11 2.05 2.03 2.04 2.09 2.15 2.23 2.33 2.44 2.57 2.71 2.89 3.07 3.20 3.23 3.21 3.17 3.13 3.11 3.10 3.09 3.09 3.14 3.30 3.55 3.78
3.15 3.17 3.21 3.24 3.20 3.16 3.18 3.32 3.59 3.89 4.08 4.11 4.09 4.09 4.12 4.13 4.14 4.15 4.15 4.16 4.20 4.23 4.16 4.07 4.05 4.00 3.97 3.90 3.55 3.03 2.74 2.92 3.30 3.62 3.81 4.01 4.08 3.74 3.20 2.77 2.64 2.69 2.87 3.16 3.41 3.41 3.12 2.83 2.71 2.72 2.74 2.61 2.37 2.18 2.15 2.26 2.43 2.47 2.37 2.27 2.24 2.26 2.33 2.42 2.52 2.63 2.73 2.85 3.01 3.21 3.36 3.37 3.30 3.21 3.13 3.09 3.06 3.04 3.03 3.03 3.09 3.27 3.55 3.81
3.26 3.25 3.24 3.18 3.05 3.01 3.09 3.30 3.59 3.90 4.09 4.09 4.00 3.95 3.92 3.90 3.88 3.89 3.94 4.02 4.09 4.13 4.10 4.08 4.10 4.07 4.06 4.03 3.76 3.35 3.16 3.35 3.69 3.95 4.09 4.25 4.28 3.91 3.36 3.00 2.94 3.02 3.15 3.33 3.47 3.41 3.12 2.86 2.78 2.79 2.76 2.60 2.40 2.28 2.28 2.40 2.53 2.52 2.40 2.31 2.28 2.30 2.36 2.44 2.53 2.63 2.72 2.83 2.98 3.14 3.19 3.09 2.95 2.86 2.82 2.81 2.80 2.80 2.81 2.83 2.93 3.17 3.51 3.80
3.33 3.28 3.19 3.03 2.86 2.87 3.05 3.32 3.61 3.89 4.03 3.95 3.79 3.68 3.64 3.62 3.63 3.73 3.86 3.95 4.02 4.06 4.07 4.11 4.17 4.18 4.22 4.23 4.05 3.77 3.67 3.83 4.08 4.25 4.34 4.46 4.44 4.02 3.48 3.15 3.10 3.15 3.23 3.34 3.43 3.34 3.07 2.84 2.77 2.76 2.70 2.54 2.37 2.28 2.29 2.39 2.49 2.44 2.32 2.25 2.21 2.21 2.26 2.32 2.40 2.49 2.57 2.66 2.76 2.80 2.72 2.54 2.42 2.39 2.42 2.44 2.46 2.50 2.55 2.62 2.77 3.08 3.49 3.81
3.39 3.31 3.13 2.90 2.75 2.82 3.08 3.36 3.61 3.83 3.91 3.77 3.58 3.48 3.47 3.48 3.55 3.71 3.86 3.92 3.96 4.02 4.09 4.19 4.29 4.35 4.43 4.48 4.36 4.18 4.12 4.21 4.36 4.46 4.51 4.58 4.49 4.04 3.51 3.23 3.19 3.23 3.27 3.34 3.39 3.28 3.00 2.78 2.71 2.69 2.63 2.50 2.36 2.28 2.28 2.37 2.45 2.39 2.26 2.21 2.18 2.18 2.23 2.29 2.37 2.45 2.52 2.59 2.62 2.55 2.38 2.22 2.16 2.17 2.20 2.23 2.27 2.34 2.43 2.53 2.70 3.05 3.52 3.86
3.42 3.30 3.07 2.86 2.76 2.88 3.14 3.39 3.59 3.76 3.80 3.67 3.54 3.50 3.54 3.60 3.70 3.82 3.90 3.92 3.96 4.08 4.20 4.33 4.45 4.54 4.64 4.70 4.58 4.38 4.28 4.32 4.41 4.47 4.50 4.54 4.38 3.88 3.39 3.18 3.16 3.20 3.22 3.26 3.28 3.15 2.86 2.63 2.58 2.59 2.57 2.47 2.34 2.25 2.24 2.33 2.41 2.34 2.24 2.23 2.26 2.32 2.40 2.48 2.57 2.64 2.70 2.73 2.70 2.58 2.42 2.28 2.23 2.21 2.19 2.20 2.25 2.34 2.44 2.55 2.72 3.09 3.58 3.92
3.41 3.28 3.07 2.89 2.82 2.95 3.19 3.40 3.57 3.71 3.77 3.70 3.64 3.67 3.73 3.80 3.88 3.94 3.95 3.96 4.06 4.23 4.38 4.50 4.62 4.70 4.80 4.85 4.71 4.48 4.34 4.33 4.39 4.43 4.44 4.45 4.26 3.73 3.27 3.10 3.10 3.13 3.14 3.17 3.16 2.98 2.66 2.45 2.44 2.52 2.53 2.43 2.29 2.19 2.18 2.27 2.36 2.29 2.21 2.25 2.36 2.52 2.68 2.81 2.90 2.97 3.01 2.99 2.92 2.77 2.60 2.44 2.31 2.21 2.15 2.18 2.27 2.38 2.50 2.60 2.78 3.16 3.66 4.00
3.43 3.32 3.11 2.92 2.87 3.00 3.22 3.42 3.57 3.71 3.79 3.78 3.77 3.81 3.87 3.92 3.97 3.98 3.97 4.02 4.20 4.41 4.55 4.64 4.73 4.79 4.89 4.96 4.82 4.58 4.42 4.38 4.41 4.43 4.41 4.39 4.17 3.63 3.18 3.03 3.04 3.07 3.07 3.07 3.02 2.81 2.50 2.35 2.43 2.55 2.54 2.40 2.23 2.11 2.10 2.20 2.31 2.26 2.18 2.25 2.44 2.67 2.87 2.99 3.08 3.13 3.13 3.07 2.94 2.77 2.59 2.41 2.25 2.14 2.13 2.22 2.35 2.49 2.61 2.72 2.90 3.28 3.78 4.09
3.46 3.35 3.15 2.98 2.93 3.06 3.27 3.45 3.60 3.74 3.84 3.84 3.84 3.86 3.90 3.93 3.95 3.96 3.98 4.09 4.31 4.53 4.65 4.72 4.79 4.86 4.98 5.07 4.95 4.70 4.52 4.45 4.44 4.43 4.37 4.31 4.06 3.52 3.08 2.94 2.94 2.97 2.97 2.95 2.87 2.67 2.47 2.46 2.59 2.67 2.55 2.33 2.13 2.02 2.02 2.14 2.27 2.24 2.18 2.27 2.47 2.69 2.82 2.90 2.95 2.96 2.89 2.75 2.57 2.43 2.32 2.25 2.20 2.21 2.32 2.49 2.65 2.78 2.89 2.98 3.14 3.48 3.92 4.19
3.50 3.39 3.21 3.05 2.99 3.12 3.33 3.49 3.63 3.78 3.87 3.87 3.85 3.86 3.87 3.89 3.91 3.94 3.99 4.14 4.38 4.61 4.73 4.80 4.88 4.97 5.12 5.23 5.11 4.84 4.63 4.52 4.47 4.40 4.30 4.19 3.94 3.43 3.00 2.85 2.84 2.86 2.86 2.84 2.77 2.64 2.59 2.68 2.79 2.73 2.49 2.21 2.01 1.90 1.92 2.07 2.23 2.22 2.17 2.27 2.45 2.61 2.67 2.70 2.71 2.65 2.50 2.29 2.11 2.03 2.04 2.10 2.24 2.45 2.69 2.89 3.03 3.14 3.21 3.26 3.39 3.66 4.03 4.26
3.58 3.47 3.26 3.08 3.03 3.16 3.36 3.51 3.65 3.79 3.89 3.88 3.85 3.84 3.85 3.87 3.92 3.97 4.05 4.20 4.46 4.70 4.84 4.93 5.01 5.12 5.30 5.41 5.25 4.94 4.68 4.52 4.42 4.31 4.18 4.08 3.88 3.41 3.00 2.83 2.81 2.83 2.85 2.85 2.81 2.76 2.79 2.90 2.90 2.70 2.39 2.14 1.97 1.87 1.90 2.07 2.26 2.28 2.24 2.31 2.47 2.59 2.62 2.62 2.59 2.46 2.26 2.06 1.94 1.93 2.01 2.15 2.41 2.72 2.99 3.17 3.27 3.33 3.36 3.39 3.48 3.72 4.06 4.29
3.65 3.50 3.26 3.09 3.04 3.17 3.37 3.52 3.65 3.79 3.87 3.85 3.82 3.82 3.84 3.89 3.97 4.04 4.13 4.30 4.56 4.82 4.98 5.08 5.17 5.30 5.48 5.56 5.35 4.95 4.63 4.43 4.32 4.20 4.08 4.03 3.89 3.48 3.08 2.91 2.91 2.97 3.02 3.03 3.01 2.98 3.00 3.03 2.92 2.64 2.38 2.20 2.07 2.00 2.04 2.22 2.44 2.50 2.47 2.52 2.64 2.71 2.70 2.66 2.57 2.39 2.22 2.12 2.10 2.17 2.27 2.41 2.65 2.91 3.12 3.22 3.26 3.29 3.29 3.30 3.38 3.63 3.98 4.23
3.69 3.52 3.27 3.09 3.03 3.16 3.37 3.53 3.66 3.78 3.84 3.80 3.77 3.80 3.86 3.95 4.04 4.13 4.23 4.41 4.69 4.95 5.12 5.23 5.35 5.49 5.67 5.69 5.40 4.92 4.56 4.35 4.24 4.13 4.05 4.05 3.94 3.56 3.19 3.06 3.12 3.23 3.29 3.30 3.26 3.20 3.16 3.10 2.92 2.64 2.42 2.31 2.23 2.19 2.24 2.43 2.67 2.76 2.75 2.78 2.84 2.83 2.75 2.67 2.53 2.36 2.27 2.28 2.36 2.46 2.56 2.68 2.85 3.03 3.13 3.15 3.14 3.14 3.13 3.12 3.20 3.47 3.85 4.13
3.75 3.58 3.30 3.09 3.02 3.15 3.37 3.55 3.68 3.75 3.76 3.72 3.73 3.82 3.92 4.02 4.12 4.22 4.34 4.54 4.82 5.08 5.25 5.38 5.53 5.68 5.83 5.78 5.39 4.85 4.46 4.27 4.18 4.11 4.07 4.08 3.97 3.60 3.28 3.24 3.35 3.49 3.54 3.53 3.47 3.39 3.30 3.19 2.99 2.72 2.54 2.46 2.40 2.37 2.43 2.62 2.86 2.96 2.94 2.92 2.90 2.82 2.71 2.61 2.48 2.35 2.31 2.36 2.46 2.55 2.63 2.72 2.84 2.97 3.02 2.99 2.95 2.94 2.92 2.90 2.99 3.28 3.70 4.03
3.78 3.59 3.29 3.07 2.99 3.13 3.36 3.55 3.64 3.65 3.62 3.63 3.73 3.88 4.01 4.11 4.21 4.31 4.45 4.66 4.93 5.18 5.36 5.52 5.69 5.83 5.92 5.79 5.31 4.72 4.34 4.19 4.13 4.10 4.08 4.09 3.95 3.61 3.36 3.39 3.55 3.69 3.75 3.75 3.71 3.63 3.52 3.39 3.19 2.94 2.79 2.71 2.64 2.59 2.62 2.79 3.01 3.08 2.98 2.88 2.79 2.70 2.62 2.55 2.44 2.33 2.30 2.32 2.36 2.41 2.45 2.49 2.58 2.68 2.72 2.68 2.65 2.64 2.62 2.60 2.71 3.06 3.56 3.93
3.77 3.57 3.26 3.04 2.96 3.10 3.34 3.51 3.56 3.52 3.50 3.58 3.78 3.99 4.12 4.21 4.30 4.42 4.56 4.77 5.02 5.28 5.48 5.66 5.84 5.94 5.94 5.73 5.20 4.60 4.24 4.13 4.12 4.11 4.10 4.08 3.93 3.62 3.44 3.54 3.74 3.89 3.96 3.98 3.95 3.87 3.75 3.59 3.39 3.19 3.04 2.94 2.85 2.79 2.80 2.93 3.10 3.11 2.94 2.77 2.65 2.57 2.52 2.47 2.38 2.28 2.22 2.20 2.19 2.18 2.18 2.19 2.25 2.33 2.37 2.36 2.35 2.35 2.34 2.33 2.46 2.87 3.45 3.87
3.79 3.59 3.25 3.01 2.92 3.07 3.31 3.47 3.49 3.44 3.46 3.63 3.90 4.12 4.23 4.30 4.40 4.51 4.66 4.85 5.11 5.38 5.60 5.80 5.97 6.00 5.91 5.63 5.06 4.46 4.13 4.06 4.08 4.07 4.05 4.01 3.84 3.57 3.49 3.65 3.85 3.98 4.00 3.95 3.85 3.71 3.55 3.39 3.22 3.08 2.97 2.90 2.83 2.79 2.82 2.94 3.08 3.05 2.85 2.67 2.56 2.48 2.44 2.39 2.30 2.19 2.12 2.07 2.03 1.99 1.96 1.94 1.98 2.05 2.11 2.13 2.15 2.16 2.16 2.18 2.34 2.79 3.41 3.87
