WindNinja-Server/data/job/23becdaadf7c4ec2993497261e63d813/wncli/results/20171026T1500_ang.asc
ncols	108
nrows	170
xllcorner	726299.000000
yllcorner	5208948.000000
cellsize	29.150477
NODATA_value	-32768.000000
[rows 84 to 125 of 170, columns 0 to 93 of 108]
162 163 161 157 154 151 149 146 143 140 138 137 136 136 135 134 132 128 125 122 121 120 120 119 119 121 127 132 135 135 135 134 131 130 130 132 134 134 134 137 143 151 153 146 138 135 138 143 145 147 149 148 145 142 140 138 138 139 139 144 162 187 203 206 206 203 195 184 174 162 148 137 134 132 131 132 135 136 133 131 131 130 131 133 134 136 136 136 137 137 134 132 129 124
158 159 157 154 152 150 148 146 142 138 136 135 134 134 133 133 131 127 123 121 120 119 118 118 118 119 124 129 132 132 132 131 129 128 128 130 132 134 135 138 144 152 154 147 138 134 138 143 146 148 151 151 150 150 149 148 149 151 151 154 167 187 200 202 200 197 189 179 170 161 150 142 140 139 139 140 143 144 141 137 136 134 134 135 136 136 137 138 140 140 136 134 130 125
158 157 155 152 150 148 147 145 141 137 134 133 133 133 132 132 130 126 122 120 118 117 117 116 116 117 122 126 128 128 128 128 126 126 126 128 131 134 136 139 145 153 155 147 137 134 137 143 147 149 151 152 152 154 155 155 156 158 159 162 173 189 199 200 197 192 183 174 167 159 151 145 144 145 146 147 150 151 147 142 139 137 136 136 137 137 138 140 142 141 138 135 132 127
158 157 154 151 149 147 147 145 141 137 134 133 133 133 132 132 130 126 123 120 118 117 116 116 115 117 121 125 127 127 128 128 127 127 127 128 130 133 137 140 145 152 154 146 136 132 136 143 148 150 151 151 152 155 157 157 159 161 162 167 178 192 200 199 194 188 179 170 163 156 150 145 145 146 148 150 153 153 149 144 141 139 139 138 139 139 140 142 144 143 140 137 134 129
157 156 153 150 148 147 147 145 141 138 135 135 134 134 134 133 131 128 124 122 120 118 117 117 117 118 123 127 128 129 130 131 131 131 131 130 130 133 136 139 143 150 152 142 132 128 132 141 148 149 150 150 152 155 157 157 159 161 165 172 184 196 201 198 191 184 175 167 160 154 148 143 142 143 145 147 150 152 149 145 143 142 141 140 141 142 143 144 146 146 143 139 135 131
156 155 153 150 148 147 146 145 142 138 136 135 135 135 135 134 132 129 125 122 121 119 118 118 118 119 124 128 130 131 132 133 133 134 133 131 130 131 134 136 140 146 148 138 127 123 128 138 146 147 147 149 152 155 157 157 159 162 168 178 189 198 200 195 186 179 172 165 159 153 148 142 140 140 141 143 146 148 147 145 144 143 142 141 142 143 144 146 147 147 144 140 137 132
154 153 151 149 147 146 146 144 141 137 135 135 135 134 134 134 132 128 124 122 120 118 117 117 116 118 122 126 128 128 129 130 131 131 130 126 124 124 127 129 134 142 143 133 122 119 124 134 141 143 143 145 150 155 157 158 160 164 172 183 192 197 197 190 181 175 169 164 159 155 149 145 142 142 142 143 145 147 146 146 145 144 142 141 142 143 144 146 147 146 143 140 137 133
152 151 150 147 146 145 145 143 140 136 134 133 133 133 133 132 130 127 123 120 118 116 115 114 113 114 117 120 122 122 123 123 123 121 119 115 112 113 116 120 127 135 137 127 117 114 119 128 134 135 136 139 145 153 156 158 161 166 175 187 193 194 191 185 178 172 168 164 161 157 151 147 145 145 146 146 147 148 147 146 145 143 141 140 142 143 144 145 146 145 142 139 137 134
149 149 148 146 145 144 144 142 139 135 132 132 132 132 131 131 129 125 122 119 117 115 113 112 110 109 111 113 115 116 115 113 111 109 106 104 103 105 109 113 119 127 129 120 112 110 114 122 127 128 129 133 141 150 155 158 161 167 177 188 192 191 187 181 176 172 168 167 165 159 152 148 147 147 148 148 149 149 148 147 146 143 141 140 141 142 143 144 145 144 141 138 136 134
147 147 146 145 144 143 143 141 138 134 132 131 131 131 131 131 129 125 121 118 115 113 111 110 107 105 106 108 111 112 110 106 103 102 101 101 102 105 108 111 115 122 124 116 110 110 114 121 126 127 129 133 141 149 155 158 161 167 177 187 190 187 183 179 176 173 170 170 169 163 156 152 151 150 150 151 151 150 150 150 148 145 141 139 140 141 142 143 144 143 140 137 134 132
144 145 145 144 143 142 142 141 137 133 131 131 131 131 131 131 129 125 121 117 114 111 109 107 104 102 101 103 106 107 104 99 97 98 100 101 103 106 109 110 112 116 118 113 110 111 116 124 129 130 131 135 142 150 155 157 160 165 175 185 188 185 181 178 175 173 171 171 170 166 160 156 154 154 154 154 153 153 153 152 150 146 141 139 139 140 141 142 143 142 139 134 132 129
142 143 143 143 142 141 141 140 137 133 131 131 131 131 131 130 129 125 121 117 113 110 106 103 100 99 99 100 102 102 98 95 94 97 99 102 105 108 110 109 108 110 112 110 110 113 120 127 132 133 133 137 144 153 157 156 157 161 171 182 186 184 181 178 175 173 171 170 170 166 160 157 156 156 155 155 155 154 154 153 151 146 141 138 138 138 139 140 142 141 137 132 129 127
140 141 142 142 141 141 140 139 136 132 130 130 131 131 130 129 128 125 120 116 112 108 104 101 99 99 99 100 101 102 99 97 98 100 103 106 109 113 115 114 113 114 116 116 116 120 126 132 136 136 136 139 147 157 162 159 156 159 169 180 185 184 181 178 175 172 170 169 169 165 160 156 156 156 156 155 155 154 154 153 151 146 141 138 137 137 137 138 139 138 134 129 126 124
138 139 141 141 141 141 140 138 135 131 130 130 131 131 130 129 127 123 119 115 111 107 104 102 101 101 101 102 103 105 105 104 105 107 109 111 114 119 123 125 125 127 127 126 125 127 132 138 141 140 140 144 152 163 167 162 158 160 169 180 185 183 179 177 174 171 169 168 168 164 160 157 156 156 156 155 155 154 153 153 150 145 140 137 135 135 135 136 136 134 130 126 123 122
137 138 140 141 141 141 139 137 134 130 129 129 130 130 130 128 125 122 118 114 111 108 105 103 103 103 103 104 105 108 110 110 111 112 114 116 119 124 131 134 135 136 136 134 132 133 138 142 145 144 144 148 156 166 169 163 159 161 171 181 184 181 177 175 172 169 168 167 165 162 158 156 156 156 156 155 154 154 153 152 149 144 139 135 134 133 133 134 134 132 129 125 123 122
134 136 138 140 141 140 138 135 132 129 128 128 129 129 128 126 124 121 118 115 112 109 107 106 105 105 105 106 108 112 114 116 116 117 118 119 122 128 135 139 139 139 138 136 134 135 140 145 146 146 146 150 158 167 169 163 158 162 172 182 183 179 175 172 170 167 165 164 161 157 154 153 154 154 153 152 152 151 150 150 147 142 137 134 133 132 132 133 134 133 131 128 126 126
132 134 137 139 140 139 136 134 131 128 126 126 126 126 125 124 122 120 118 116 114 111 109 108 107 107 108 109 112 116 120 122 122 122 122 123 125 131 139 143 142 140 139 136 134 136 141 146 147 146 146 150 159 167 168 161 157 161 173 182 183 179 174 171 167 165 163 161 157 154 151 150 150 149 149 149 148 148 147 147 145 140 135 132 132 132 132 134 135 135 134 132 131 130
131 133 136 139 141 139 136 133 130 127 125 124 124 124 123 123 122 121 119 117 115 113 112 111 110 111 111 113 116 121 124 126 126 126 126 126 127 133 142 145 144 142 140 137 135 136 141 146 148 147 147 151 159 167 167 160 156 161 173 183 184 179 174 170 167 164 162 159 156 154 152 151 149 147 147 146 146 145 145 145 143 138 133 131 131 131 132 134 136 136 135 134 133 133
130 132 135 139 142 139 135 132 130 127 125 124 125 125 125 125 125 124 122 120 117 116 115 114 113 114 114 115 118 122 125 126 126 126 126 126 128 134 143 146 145 142 140 137 135 136 140 145 146 146 147 151 159 167 167 160 155 160 173 183 183 178 174 170 167 164 162 161 159 158 157 156 152 149 147 146 145 144 144 144 142 137 132 130 130 131 132 133 134 135 134 133 133 132
130 131 135 140 142 140 135 132 129 127 125 126 127 128 128 128 127 126 125 123 121 119 118 117 116 116 116 116 118 122 124 126 126 126 126 126 127 134 143 146 145 142 140 137 135 135 138 142 143 144 146 151 159 167 166 159 154 159 172 181 181 176 172 170 167 165 163 163 162 162 163 161 157 152 149 146 144 143 143 143 142 137 131 129 129 130 131 132 133 133 132 132 131 131
130 132 135 140 143 140 135 132 130 127 126 127 128 129 129 129 128 127 127 125 123 121 120 119 119 118 117 117 119 122 125 126 126 126 126 126 127 133 143 146 145 142 140 137 135 134 136 138 140 142 146 151 159 167 166 157 152 157 169 178 177 172 170 168 166 164 163 163 164 165 166 165 161 155 150 146 144 143 143 143 142 137 131 129 129 129 130 131 132 132 131 130 130 130
130 132 136 140 143 140 136 133 130 128 127 127 128 128 128 128 128 128 127 126 124 122 121 120 120 119 118 118 120 123 126 127 127 126 126 126 127 133 142 146 144 141 139 137 135 134 135 137 139 142 146 152 159 166 165 156 151 155 167 174 172 168 167 166 164 162 162 163 165 167 168 168 164 158 152 149 147 146 145 145 143 138 132 129 129 129 130 130 131 131 131 130 130 130
129 131 136 140 143 140 136 133 131 128 127 127 127 128 128 128 127 128 128 127 125 123 122 121 121 120 119 119 121 125 127 128 128 127 126 125 126 132 141 145 143 140 138 136 135 135 136 137 140 143 147 152 158 164 163 154 148 152 163 169 168 165 164 164 162 162 163 165 168 168 168 168 164 158 153 151 149 148 148 147 145 139 133 129 129 129 129 130 130 130 130 130 130 130
129 131 136 140 143 140 136 133 131 129 127 127 127 127 127 127 127 127 128 127 125 123 123 122 122 122 121 121 123 126 129 130 129 128 127 125 126 131 141 145 143 140 138 137 136 137 137 138 140 145 149 152 157 163 161 152 146 150 159 165 164 163 163 163 163 164 166 169 171 170 168 166 161 156 152 151 150 149 148 147 144 138 132 129 128 128 128 128 129 129 129 128 129 130
128 130 135 139 142 140 136 133 131 129 127 127 127 127 127 127 127 127 128 127 126 124 123 123 123 123 122 121 123 127 130 131 130 129 128 126 126 132 141 146 145 142 141 140 139 140 139 139 141 146 151 154 158 163 161 152 147 149 157 162 163 163 164 164 164 167 171 173 173 170 167 164 159 154 150 149 148 147 146 146 143 137 131 127 126 126 126 126 126 127 126 126 127 128
127 129 134 139 141 139 135 133 131 129 127 126 126 126 126 127 127 127 128 128 126 125 124 124 124 124 123 122 124 128 131 132 132 131 129 127 128 133 143 148 147 145 144 144 144 143 142 141 142 147 152 155 159 163 162 153 148 150 156 161 163 164 165 165 167 171 173 173 172 169 167 163 158 152 148 147 146 145 144 144 141 135 129 125 124 124 124 124 124 124 123 123 124 126
127 129 133 138 140 138 134 132 131 129 127 126 125 125 126 126 127 127 128 127 126 125 124 124 124 124 123 123 124 129 133 134 133 132 131 129 129 135 144 149 148 147 147 147 147 147 146 144 145 149 153 156 160 164 162 154 148 150 156 161 164 165 167 167 169 173 174 172 170 168 165 161 156 150 146 145 144 142 142 141 139 132 126 123 122 122 122 122 121 121 121 121 122 124
126 128 133 137 140 137 133 131 130 128 127 125 125 125 126 126 127 127 127 127 126 125 124 124 124 124 123 123 124 129 134 135 135 134 133 131 130 135 144 149 149 148 149 150 151 151 151 149 150 153 156 159 162 165 163 154 149 150 156 161 164 166 168 168 171 174 174 171 168 166 163 159 153 147 143 141 140 139 138 138 135 130 124 120 119 119 120 120 119 119 119 119 120 123
125 127 132 137 139 137 132 130 128 128 126 125 124 124 125 126 126 127 127 127 126 125 124 124 124 124 123 123 125 130 135 137 136 135 134 132 132 137 144 148 149 149 151 153 155 156 157 156 156 159 161 162 165 167 164 155 149 150 156 162 165 166 168 169 172 176 174 171 168 165 162 158 151 145 140 138 136 135 134 134 132 126 121 118 117 117 117 117 117 117 117 117 119 122
126 128 132 136 139 136 132 129 128 128 127 125 124 124 125 126 126 127 127 126 125 124 124 123 123 123 123 122 124 130 135 137 137 136 135 134 133 137 144 147 148 149 152 154 157 160 160 160 161 163 165 166 167 169 165 156 150 151 157 163 165 166 168 169 173 177 175 172 169 166 162 158 150 143 138 135 134 132 132 132 130 124 119 116 116 116 116 116 116 116 116 116 118 121
126 128 132 136 138 135 131 129 128 128 128 126 124 124 124 125 126 126 126 126 125 123 123 122 122 122 122 122 124 129 135 137 136 135 135 134 133 137 142 145 147 149 151 153 156 159 159 159 161 163 164 165 167 168 163 154 148 150 158 163 166 167 168 169 174 179 177 174 172 168 164 158 150 142 137 134 132 131 130 131 129 124 118 116 115 115 115 115 115 115 115 115 117 121
125 127 131 136 138 135 131 128 128 129 129 127 124 124 124 125 125 125 125 125 124 123 122 121 121 121 121 121 123 128 134 135 135 134 134 133 133 137 141 144 146 149 150 152 154 155 154 154 156 159 161 162 164 164 159 151 147 150 158 164 166 167 168 170 175 180 179 176 175 172 166 159 149 141 135 132 130 129 129 130 128 123 118 116 115 114 114 114 115 115 114 114 116 121
127 128 132 136 138 134 130 128 128 129 129 127 124 123 124 125 125 125 125 124 123 122 121 120 119 119 119 119 121 127 132 134 133 133 133 133 134 136 139 142 145 149 151 153 154 154 152 151 154 156 159 161 163 162 157 150 147 150 158 164 167 168 169 171 177 182 181 180 180 176 170 161 150 141 135 132 130 129 129 130 129 124 119 116 115 114 114 114 114 114 114 114 117 122
127 129 132 136 137 134 129 127 127 128 128 126 124 123 124 125 125 125 124 123 122 121 120 119 118 117 118 118 120 125 130 132 132 132 133 132 132 134 136 138 142 148 153 156 158 158 156 155 157 159 161 163 164 162 158 152 149 152 159 165 167 168 170 173 179 184 184 183 185 181 173 163 153 143 137 134 132 131 131 131 130 125 120 117 116 115 114 115 115 115 115 116 119 125
127 129 132 136 137 133 129 127 127 128 128 126 123 123 124 125 125 125 124 123 121 120 119 118 117 116 116 116 118 122 127 130 131 132 132 131 131 132 132 134 139 148 155 159 161 161 159 159 160 162 165 166 167 164 160 156 153 155 161 167 169 169 170 173 180 186 186 187 189 183 174 165 155 145 138 135 133 132 132 132 131 127 122 119 117 115 115 115 116 116 117 118 121 129
129 130 133 136 137 134 129 127 127 129 129 126 124 124 125 126 127 126 125 124 122 121 120 119 118 118 118 118 119 122 126 129 130 132 132 131 130 130 130 131 137 147 155 159 159 159 159 159 160 163 166 168 167 165 162 158 156 157 163 169 171 170 170 173 180 188 189 190 191 185 175 166 156 146 139 135 134 132 132 132 131 127 123 119 117 115 114 115 116 117 118 119 123 131
131 132 134 137 138 135 131 129 129 131 131 128 125 125 126 128 129 128 127 126 125 124 124 124 123 123 123 122 123 125 127 129 131 132 132 130 128 128 127 129 135 145 153 155 155 156 156 156 158 162 165 167 166 164 161 158 156 159 165 171 172 171 170 173 181 190 192 193 193 186 176 167 157 146 138 135 134 132 131 130 129 126 122 118 116 114 114 115 116 117 118 120 124 133
133 134 135 138 138 136 132 130 131 132 132 129 127 126 128 130 131 130 129 128 128 127 128 128 128 128 128 127 127 127 128 129 131 133 131 128 127 126 125 125 131 141 148 150 150 151 152 153 156 160 164 165 164 162 160 157 156 160 167 173 174 172 170 174 183 192 194 195 195 187 178 169 157 145 138 135 133 131 130 128 126 124 121 118 116 114 114 115 116 118 119 120 125 134
134 135 136 137 138 135 132 130 131 132 132 130 126 126 128 131 133 132 130 129 129 128 128 129 129 129 129 127 127 126 126 127 129 132 130 127 125 124 122 123 128 138 144 145 145 146 147 149 153 158 162 164 162 160 159 156 155 160 168 174 175 172 170 175 185 194 197 197 197 189 179 170 156 143 136 133 131 130 128 126 124 123 121 118 116 115 114 115 116 117 118 120 124 134
134 134 135 136 137 135 131 130 130 132 132 129 126 125 128 131 134 133 131 130 129 128 127 128 128 127 126 124 123 122 121 122 126 129 128 125 124 122 120 120 125 134 140 141 140 141 142 145 148 154 159 162 160 158 157 155 155 160 169 175 175 172 171 177 187 197 199 200 199 191 181 171 155 141 133 130 129 127 126 124 123 122 121 119 117 115 114 115 116 117 118 119 123 133
135 135 135 136 136 134 131 129 130 131 131 129 125 125 127 131 133 133 131 130 129 127 125 125 126 125 123 121 120 119 118 119 123 126 125 123 122 120 118 118 123 131 136 136 135 135 137 139 144 149 156 159 158 156 155 154 154 160 169 175 175 172 171 179 191 200 202 203 202 194 182 170 154 139 131 128 127 125 124 123 122 121 120 118 116 114 114 115 116 116 117 118 121 131
136 136 135 135 136 134 131 129 129 131 131 129 126 124 126 129 131 130 129 127 126 124 122 122 124 124 122 121 120 118 116 117 121 125 125 123 121 120 118 118 122 128 133 133 132 132 133 136 140 146 153 157 156 154 153 153 153 159 168 174 174 171 172 182 195 204 206 206 206 197 183 169 153 139 131 128 126 125 123 122 121 121 120 118 115 113 113 114 115 115 116 116 119 129
