WindNinja-Server/Data/job/23becdaadf7c4ec2993497261e63d813/wncli/results/20171026T1800_ang.asc
ncols	108
nrows	170
xllcorner	726299.000000
yllcorner	5208948.000000
cellsize	29.150477
NODATA_value	-32768.000000
[rows 84 to 125 of 170, columns 0 to 93 of 108]
167 168 167 165 162 160 158 157 155 153 151 150 149 149 148 148 146 142 138 136 134 133 132 131 131 135 141 146 148 148 148 147 145 144 144 145 145 143 143 145 150 157 159 153 145 142 144 148 149 150 151 150 147 145 144 144 147 151 155 161 173 187 196 199 199 198 193 186 179 170 159 150 147 146 146 149 154 158 158 157 157 157 156 156 156 155 154 153 155 155 153 150 146 140
164 164 164 163 161 159 158 156 154 151 149 148 147 147 147 146 144 141 137 135 133 131 130 130 130 133 138 143 145 146 146 145 143 143 143 144 144 143 144 146 152 158 160 154 146 143 145 149 151 153 154 154 152 152 153 154 156 159 161 165 174 186 194 196 195 193 188 181 175 168 160 154 153 153 154 157 161 164 162 161 159 158 156 156 155 154 154 154 156 155 152 150 146 140
163 163 162 160 159 158 157 156 152 149 147 146 146 146 145 145 143 140 136 133 131 129 128 128 128 130 135 140 142 142 142 142 141 141 142 142 142 143 145 148 153 159 160 154 146 143 146 150 153 155 155 155 155 156 158 159 161 163 166 169 177 187 194 194 192 189 184 177 172 166 160 156 157 159 160 163 167 169 167 164 161 159 157 155 154 154 154 155 156 156 153 150 146 141
163 163 161 159 158 157 157 155 152 149 147 146 146 146 146 145 144 140 136 134 131 129 128 128 128 130 135 139 140 141 141 141 141 141 142 141 142 143 146 149 153 159 160 154 145 142 145 152 156 157 156 155 154 156 158 160 162 164 167 172 181 190 195 194 191 186 180 174 168 163 158 156 157 160 163 166 170 171 169 165 162 160 158 156 155 155 155 156 157 156 153 150 147 142
163 163 161 159 157 157 156 155 152 149 147 147 147 147 147 147 145 141 138 135 132 130 130 129 130 132 137 141 143 143 144 144 144 145 145 143 143 144 146 149 152 157 158 151 142 138 143 151 156 157 156 154 154 156 158 159 161 164 168 175 185 193 196 194 189 183 177 171 165 161 157 155 156 159 162 166 169 170 168 165 162 160 158 157 156 156 156 157 158 157 154 151 147 143
162 162 160 158 157 156 156 155 152 149 148 147 147 147 147 147 146 142 138 136 133 132 131 131 131 134 139 143 145 145 146 146 147 148 147 146 144 145 146 147 149 154 155 147 137 134 139 148 154 155 154 154 155 157 158 158 160 163 169 178 188 194 195 191 185 179 174 169 165 161 158 156 156 158 161 163 165 166 164 163 162 161 159 157 156 156 156 157 158 157 154 151 148 144
160 160 158 157 156 155 155 154 151 148 146 146 146 147 147 147 145 141 137 135 133 131 130 130 131 133 138 142 143 143 143 144 145 145 145 142 140 141 142 142 145 151 151 142 133 130 134 144 149 150 149 150 153 156 158 159 160 164 171 181 189 193 192 187 181 176 171 168 166 164 162 160 159 160 161 162 163 162 161 160 160 160 157 156 155 155 156 156 157 156 153 150 148 144
158 158 157 155 154 154 154 153 150 147 145 144 145 145 145 145 143 140 136 133 131 129 128 128 128 129 133 136 137 137 136 136 136 135 132 128 126 128 131 134 139 145 146 136 127 124 129 137 142 142 142 144 149 154 157 158 161 165 173 182 188 190 188 183 178 174 170 169 168 167 164 162 162 162 162 162 162 161 159 159 159 158 156 154 154 154 155 155 155 154 152 149 147 144
155 156 155 154 153 153 153 152 149 146 143 143 144 144 144 144 142 138 134 131 129 127 126 125 125 125 127 129 129 129 128 126 123 120 117 114 113 116 121 125 131 138 138 129 121 119 124 131 134 134 134 138 144 151 155 158 160 165 173 182 187 187 184 180 176 174 171 171 171 169 166 163 162 162 162 162 161 160 159 159 158 156 154 152 153 153 154 154 154 153 150 147 145 143
153 153 154 153 152 152 152 151 148 145 143 143 143 143 143 143 141 138 133 130 128 126 124 123 122 121 122 123 124 124 123 119 115 113 111 110 111 115 119 123 127 134 134 126 119 118 124 131 134 133 134 137 144 151 155 157 160 165 172 181 184 183 181 178 176 174 173 174 174 172 168 165 163 163 162 162 162 161 160 160 159 156 153 151 151 152 152 153 153 152 149 145 143 141
150 151 152 151 151 151 151 150 148 144 142 142 143 143 143 143 141 138 134 130 128 125 123 121 119 117 117 118 119 119 117 112 110 109 110 111 113 116 120 122 125 130 130 122 118 119 126 133 137 137 137 139 145 152 155 156 158 162 170 178 182 181 179 177 176 175 174 174 175 172 169 166 164 164 163 163 163 163 162 162 160 157 152 150 150 150 150 151 152 151 147 143 140 138
148 149 150 150 150 150 151 150 147 144 142 142 143 143 143 142 141 138 134 131 128 124 121 118 116 114 114 114 115 115 111 108 106 108 110 111 114 118 122 123 123 126 125 120 118 121 129 136 140 140 139 141 147 154 157 156 155 158 166 175 180 180 179 177 176 174 173 173 173 171 168 165 164 164 164 164 164 163 163 163 161 157 152 150 149 148 148 149 150 149 145 141 137 136
145 147 149 149 150 150 150 149 146 143 141 142 142 143 142 141 140 137 133 130 127 124 121 118 117 116 115 116 117 117 116 113 112 113 115 116 119 124 128 130 131 132 130 126 124 127 134 140 143 143 142 145 151 159 162 159 156 157 164 174 179 179 178 177 175 174 172 172 172 169 166 164 163 163 163 164 164 163 163 162 161 157 152 149 147 147 146 147 147 146 142 138 135 134
143 145 148 149 150 150 150 148 145 142 141 141 142 143 142 141 139 136 132 130 127 124 122 121 120 120 119 119 121 124 124 122 121 121 122 123 126 131 137 141 142 143 141 137 134 136 140 145 147 147 147 149 156 164 166 163 158 159 165 174 179 179 177 176 174 173 171 170 170 168 165 163 163 163 163 163 163 163 163 162 160 156 151 148 146 145 144 145 145 143 139 135 133 133
142 144 146 148 150 150 149 147 144 141 140 140 142 142 142 140 138 135 132 129 127 125 124 123 123 123 123 123 125 128 130 129 128 127 128 128 130 136 143 148 150 149 148 144 141 142 145 150 151 150 150 153 160 167 168 164 160 161 167 176 178 177 175 174 173 171 169 169 167 165 162 162 162 163 163 163 163 163 162 162 160 156 150 147 145 144 143 144 144 142 138 134 133 133
140 142 144 147 149 150 149 146 143 140 138 139 140 140 140 139 137 135 133 130 128 127 126 125 125 125 125 126 128 132 134 134 132 132 132 132 134 140 147 152 152 151 150 147 144 145 148 152 153 152 152 155 162 168 168 164 160 162 169 177 178 176 173 172 170 168 167 166 163 160 158 159 160 161 161 161 161 161 161 160 158 154 149 145 144 143 143 144 145 143 140 138 137 136
138 139 142 145 148 149 147 145 142 139 137 137 137 137 137 137 136 135 133 132 130 128 128 127 127 127 128 129 133 137 139 139 138 137 137 136 137 143 150 154 154 152 151 148 146 146 150 154 154 153 153 156 162 168 168 163 159 162 170 177 178 175 172 169 168 166 165 163 160 157 155 156 157 158 158 158 158 158 158 158 157 152 147 144 143 143 144 145 146 145 144 142 141 141
137 139 142 145 148 148 146 144 141 138 136 136 136 136 136 136 136 135 134 133 132 130 129 129 129 130 131 132 136 140 142 143 142 141 141 140 141 146 153 157 156 154 152 149 147 147 151 155 155 154 154 157 163 168 168 162 158 161 170 178 178 175 171 169 167 165 164 162 160 157 156 156 156 156 156 157 156 156 156 156 155 150 145 142 142 142 143 145 146 146 144 143 143 143
136 138 142 146 149 148 145 143 141 138 137 137 138 138 138 138 138 137 136 135 134 133 132 131 131 132 132 133 136 140 142 143 143 142 142 141 142 148 155 158 157 154 153 150 148 148 151 154 155 154 154 157 163 168 168 162 158 161 170 178 178 174 171 169 167 165 164 163 162 161 162 161 159 158 157 156 156 155 155 155 153 149 144 141 141 142 142 143 144 144 143 142 142 142
135 137 142 147 150 148 145 142 140 139 138 139 140 141 141 141 140 139 139 138 137 135 135 134 133 133 133 133 136 139 141 142 142 141 141 141 142 148 156 159 157 155 153 151 148 148 150 152 152 152 153 157 163 168 167 161 157 160 169 176 176 172 170 168 167 166 165 165 165 166 167 166 163 160 158 156 155 154 153 153 152 148 143 140 140 141 141 142 143 142 141 140 140 140
136 138 142 147 150 148 145 142 141 139 138 139 141 141 142 142 141 141 140 140 138 137 136 136 135 135 134 134 136 139 141 142 142 141 141 141 142 148 156 159 157 155 153 151 149 149 150 150 149 150 152 157 163 168 167 160 156 159 168 173 172 168 167 166 165 165 165 165 167 169 170 170 168 164 160 157 155 153 153 153 152 147 142 139 139 140 140 141 141 141 140 139 139 139
136 138 142 147 150 148 145 143 141 139 139 139 140 141 141 141 141 141 141 140 138 137 136 136 135 135 134 134 136 140 142 143 143 142 142 141 143 149 156 159 157 155 153 152 150 150 151 150 149 149 153 158 163 167 166 159 155 158 165 170 168 164 163 163 163 163 163 165 168 170 172 173 171 167 162 159 157 155 155 154 153 148 142 139 139 140 140 140 140 140 139 138 138 139
135 137 142 147 150 148 145 143 141 140 139 139 140 140 140 140 140 140 141 140 138 136 136 136 136 135 135 135 137 141 144 145 144 144 143 142 143 148 156 159 157 155 153 151 151 151 152 151 150 151 154 158 163 167 165 158 153 155 162 166 164 161 161 161 161 161 163 166 169 171 173 173 171 167 163 160 158 157 156 156 154 149 143 140 139 139 139 140 140 139 139 138 138 139
135 137 142 147 149 148 145 143 141 140 139 139 139 140 140 140 140 140 140 139 138 136 136 136 136 136 135 135 138 142 145 146 146 145 144 143 143 148 156 159 157 155 153 152 151 152 152 151 152 154 157 159 163 166 164 157 151 153 159 163 161 159 159 160 160 162 165 169 172 172 172 171 168 164 161 159 158 157 157 156 154 148 143 139 138 138 138 138 138 138 137 137 137 138
133 136 141 146 149 147 144 142 141 139 138 138 139 139 139 139 140 140 140 139 138 136 136 136 136 136 135 135 138 142 146 148 148 147 146 144 144 149 157 160 159 157 155 154 154 154 153 153 153 157 159 161 164 166 164 157 152 153 158 161 160 159 160 160 161 165 169 172 173 172 171 169 165 161 158 157 157 156 155 155 153 147 141 138 137 136 136 136 135 135 134 134 135 136
132 135 140 145 148 146 144 142 141 139 138 138 138 138 139 139 139 139 140 139 138 136 136 136 136 136 135 135 138 143 147 149 149 149 148 147 146 151 158 161 160 159 158 157 157 157 156 155 156 159 161 163 165 167 165 158 153 154 158 161 161 161 162 162 163 167 171 172 172 171 169 167 163 159 156 156 155 154 154 154 151 146 140 136 134 134 133 133 132 132 131 131 132 134
132 135 139 144 147 146 143 141 140 139 138 138 138 138 138 138 139 139 139 139 137 136 135 135 135 135 135 135 138 143 148 150 151 151 150 148 148 153 159 162 161 160 160 160 160 160 159 158 159 161 163 164 166 168 166 159 154 154 158 162 163 163 163 163 165 169 171 171 170 169 168 165 161 157 155 154 154 153 152 152 150 144 138 134 132 132 131 130 130 129 129 128 129 132
131 134 139 144 147 145 142 140 139 138 138 137 137 137 137 138 138 138 138 138 137 135 135 135 134 134 134 134 137 143 149 151 152 152 151 150 150 154 160 162 161 160 161 162 163 164 164 163 163 165 166 166 168 169 167 161 155 155 159 162 164 164 165 165 167 170 170 169 168 167 166 163 159 155 152 152 151 150 150 150 148 142 135 131 130 129 129 128 127 127 126 126 128 131
130 133 138 143 146 144 141 138 137 137 137 136 136 136 136 137 137 138 138 137 136 135 134 134 133 133 133 134 137 143 149 152 152 152 153 152 152 156 161 162 161 161 162 164 166 168 168 168 169 170 171 171 171 171 169 162 157 156 160 163 165 165 165 165 168 171 170 168 167 166 165 162 158 153 150 149 148 148 147 147 145 139 133 129 127 127 126 126 125 125 124 124 126 130
131 133 138 143 146 144 140 138 137 137 137 136 135 135 136 136 137 137 137 136 135 134 133 133 132 132 133 133 136 143 149 151 152 152 153 153 153 158 161 161 160 161 162 165 168 170 172 173 174 176 176 175 175 174 170 163 158 158 162 165 166 166 166 166 168 172 171 169 168 167 165 162 158 153 149 148 147 146 145 145 143 137 130 127 126 125 124 124 124 124 123 123 125 129
131 134 138 142 145 143 140 137 137 138 138 136 135 134 135 136 136 136 136 135 134 133 132 131 131 131 131 132 135 142 148 150 150 151 152 152 154 158 161 160 160 160 162 164 168 171 173 175 177 179 178 178 177 175 170 163 158 158 163 166 167 167 166 167 170 173 172 170 170 168 166 163 158 153 149 147 145 145 145 144 142 136 130 126 125 124 123 123 123 123 122 122 124 129
130 133 138 142 145 143 139 137 137 138 138 136 134 133 134 135 135 135 135 134 133 132 131 130 129 129 130 131 134 140 146 148 148 149 150 151 153 157 160 160 160 161 163 164 167 170 171 173 176 178 178 177 177 174 168 161 157 158 163 167 168 168 167 168 171 175 174 172 172 171 169 165 159 152 148 145 144 143 143 143 141 135 129 126 124 123 123 123 122 122 121 121 123 129
132 134 138 142 145 142 139 137 137 138 138 136 134 133 133 134 135 135 134 133 132 131 130 129 128 128 128 129 132 138 144 146 146 147 148 150 152 155 158 159 161 163 166 168 169 170 169 170 172 174 176 176 176 172 167 160 157 159 164 168 169 169 169 170 173 177 176 175 176 175 172 167 160 153 148 145 144 143 143 143 141 136 129 126 124 123 123 123 122 122 122 122 124 130
133 135 139 143 145 142 138 136 136 137 137 135 133 132 133 134 134 134 134 132 131 129 128 127 126 126 127 127 130 136 141 143 144 145 146 148 149 152 154 156 160 164 169 172 173 172 171 171 172 173 175 176 176 173 168 162 160 161 166 170 171 170 170 172 175 179 178 178 180 179 175 170 163 156 150 147 145 144 143 143 142 137 131 128 126 124 123 123 123 123 123 124 127 134
133 135 140 143 145 141 137 135 135 136 136 134 132 131 133 134 135 134 133 132 130 128 127 126 125 125 125 126 128 133 138 140 141 143 145 146 147 149 151 153 158 164 171 174 175 174 172 172 172 174 176 177 177 175 171 166 164 165 169 172 173 172 172 173 177 180 181 181 183 181 176 172 165 158 152 148 146 145 144 143 142 137 132 129 127 125 124 124 124 125 125 126 130 137
135 137 140 144 145 142 138 136 136 137 137 135 132 132 133 135 136 135 134 133 131 129 129 128 127 127 128 128 130 133 136 138 140 143 145 145 146 147 148 150 156 163 170 173 173 172 172 172 172 174 176 178 178 176 173 170 168 169 172 175 175 174 173 173 177 182 183 184 185 182 177 173 167 159 153 149 147 145 143 143 141 137 132 129 127 125 124 124 125 125 126 127 132 140
137 138 141 145 146 143 139 137 138 139 139 136 133 133 134 137 138 137 136 135 134 133 133 133 133 133 134 134 135 137 138 139 141 143 144 144 144 145 145 147 153 161 166 169 169 169 169 170 171 173 176 178 178 176 175 173 171 172 175 177 178 176 174 174 179 184 186 186 187 182 177 173 167 160 153 149 147 145 143 141 138 135 131 128 125 124 123 124 125 125 126 128 132 141
139 140 143 145 146 144 140 138 139 140 140 137 134 133 135 138 139 139 137 137 136 136 136 137 138 140 141 141 141 142 141 141 142 144 144 143 142 142 142 144 149 157 162 164 164 165 165 167 169 172 175 177 177 176 175 174 173 174 178 180 180 178 175 176 180 186 188 188 188 184 179 174 167 159 153 149 147 144 142 139 136 133 130 127 125 123 123 123 124 125 126 128 133 142
139 141 143 145 146 144 140 138 139 140 140 137 134 133 135 139 140 139 138 137 137 136 137 138 140 142 143 143 143 143 141 141 143 145 144 142 141 141 140 141 146 154 158 159 159 160 161 164 167 171 174 176 176 175 175 174 174 176 180 182 181 179 177 178 183 188 190 190 190 185 180 175 167 158 151 148 146 143 140 137 134 132 129 127 125 123 122 123 124 125 126 127 132 142
139 140 142 144 144 142 139 138 138 139 139 136 133 132 135 138 140 140 138 137 137 136 136 137 139 141 141 141 141 140 139 139 142 144 143 141 140 139 138 138 144 151 155 155 154 155 157 159 163 168 172 174 175 174 174 174 174 177 181 183 183 180 178 181 185 190 192 192 192 187 182 176 166 156 149 146 143 141 138 136 133 131 130 127 124 122 121 122 123 124 125 126 131 141
141 141 141 142 143 141 139 137 137 139 138 136 132 131 134 137 139 138 137 137 136 135 135 136 138 139 139 139 139 138 136 138 141 143 142 140 138 137 136 136 141 148 151 151 150 150 152 154 158 163 168 172 172 172 172 173 174 178 182 184 184 181 180 183 189 193 194 195 194 190 183 177 166 155 147 144 141 139 137 134 132 131 129 127 124 121 120 121 122 123 124 125 129 140
142 142 141 142 142 141 138 136 137 138 138 136 132 131 133 135 136 135 134 134 133 133 133 135 138 139 139 138 138 137 135 137 141 144 143 141 139 138 136 136 141 146 149 149 148 148 149 151 154 159 165 169 169 170 170 172 174 178 183 185 184 183 183 187 192 196 197 198 197 192 185 177 166 155 148 144 141 138 136 133 132 130 129 126 123 120 119 120 120 121 122 123 127 138
