WindNinja-Server/data/job/23becdaadf7c4ec2993497261e63d813/wncli/results/20171026T1700_vel.asc
ncols	108
nrows	170
xllcorner	726299.000000
yllcorner	5208948.000000
cellsize	29.150477
NODATA_value	-32768.000000
[rows 114 to 151 of 170, columns 0 to 83 of 108]
2.47 2.33 2.10 1.95 1.89 1.97 2.09 2.16 2.15 2.13 2.16 2.26 2.41 2.53 2.58 2.62 2.67 2.73 2.80 2.91 3.05 3.20 3.33 3.43 3.50 3.48 3.38 3.18 2.88 2.60 2.46 2.45 2.47 2.46 2.46 2.43 2.37 2.33 2.40 2.53 2.62 2.63 2.55 2.42 2.26 2.11 2.02 1.97 1.95 1.94 1.94 1.93 1.90 1.89 1.92 1.98 2.03 2.01 1.90 1.81 1.75 1.70 1.66 1.61 1.53 1.45 1.40 1.35 1.30 1.25 1.21 1.18 1.17 1.20 1.22 1.23 1.24 1.26 1.27 1.30 1.39 1.62 1.92 2.15
2.41 2.27 2.06 1.92 1.85 1.94 2.08 2.16 2.17 2.16 2.21 2.33 2.49 2.59 2.63 2.66 2.70 2.75 2.83 2.94 3.09 3.26 3.38 3.46 3.49 3.43 3.28 3.06 2.75 2.47 2.36 2.35 2.37 2.37 2.37 2.35 2.31 2.31 2.39 2.48 2.52 2.44 2.27 2.03 1.78 1.59 1.50 1.49 1.53 1.60 1.65 1.69 1.70 1.72 1.78 1.89 1.97 1.94 1.85 1.77 1.72 1.68 1.64 1.57 1.47 1.38 1.32 1.27 1.20 1.13 1.07 1.03 1.04 1.07 1.11 1.14 1.17 1.20 1.25 1.30 1.41 1.63 1.94 2.18
2.38 2.26 2.04 1.88 1.83 1.92 2.07 2.17 2.19 2.19 2.24 2.37 2.54 2.64 2.68 2.69 2.73 2.78 2.86 2.97 3.13 3.29 3.39 3.45 3.45 3.34 3.16 2.93 2.64 2.38 2.28 2.29 2.32 2.33 2.32 2.30 2.26 2.26 2.29 2.33 2.30 2.19 2.00 1.79 1.59 1.47 1.42 1.44 1.49 1.57 1.64 1.68 1.70 1.73 1.81 1.93 1.99 1.94 1.83 1.75 1.69 1.64 1.59 1.51 1.41 1.33 1.27 1.22 1.15 1.07 1.01 0.98 0.99 1.03 1.08 1.12 1.16 1.21 1.27 1.34 1.46 1.68 1.99 2.23
2.35 2.22 2.00 1.85 1.80 1.90 2.07 2.18 2.20 2.20 2.25 2.39 2.58 2.70 2.73 2.74 2.76 2.80 2.88 2.99 3.15 3.30 3.38 3.41 3.38 3.24 3.03 2.81 2.54 2.31 2.23 2.26 2.30 2.30 2.27 2.23 2.18 2.13 2.11 2.08 2.02 1.93 1.83 1.75 1.70 1.68 1.69 1.73 1.77 1.83 1.88 1.92 1.95 1.99 2.05 2.09 2.07 1.96 1.83 1.73 1.65 1.59 1.52 1.45 1.38 1.32 1.27 1.21 1.14 1.08 1.04 1.03 1.04 1.07 1.12 1.17 1.22 1.28 1.35 1.43 1.56 1.79 2.08 2.31
2.29 2.15 1.95 1.81 1.77 1.89 2.07 2.19 2.22 2.21 2.26 2.42 2.63 2.78 2.81 2.80 2.79 2.82 2.89 3.01 3.16 3.30 3.36 3.37 3.31 3.15 2.94 2.73 2.48 2.27 2.22 2.28 2.32 2.28 2.21 2.13 2.06 1.99 1.94 1.88 1.81 1.76 1.75 1.78 1.84 1.92 1.97 2.02 2.06 2.11 2.15 2.19 2.22 2.25 2.26 2.22 2.11 1.97 1.82 1.70 1.61 1.53 1.47 1.41 1.36 1.32 1.26 1.19 1.13 1.10 1.09 1.09 1.10 1.12 1.17 1.22 1.28 1.35 1.44 1.53 1.68 1.92 2.20 2.39
2.23 2.10 1.92 1.81 1.80 1.93 2.11 2.24 2.28 2.27 2.33 2.51 2.75 2.92 2.94 2.89 2.84 2.87 2.96 3.10 3.25 3.39 3.43 3.41 3.34 3.17 2.95 2.74 2.52 2.34 2.31 2.36 2.34 2.23 2.11 2.02 1.95 1.88 1.82 1.76 1.69 1.66 1.68 1.74 1.83 1.93 2.00 2.04 2.08 2.13 2.16 2.19 2.22 2.23 2.21 2.13 2.02 1.89 1.77 1.66 1.57 1.49 1.44 1.40 1.36 1.31 1.25 1.19 1.14 1.12 1.12 1.12 1.12 1.14 1.20 1.27 1.34 1.42 1.51 1.63 1.80 2.04 2.26 2.40
2.15 2.07 1.94 1.87 1.90 2.03 2.22 2.36 2.41 2.42 2.49 2.68 2.94 3.10 3.09 2.99 2.94 3.00 3.15 3.32 3.48 3.60 3.64 3.59 3.48 3.28 3.05 2.84 2.63 2.47 2.43 2.42 2.31 2.13 1.99 1.91 1.84 1.78 1.72 1.65 1.58 1.54 1.56 1.61 1.68 1.76 1.82 1.86 1.89 1.92 1.94 1.95 1.96 1.96 1.95 1.91 1.84 1.77 1.70 1.62 1.55 1.50 1.46 1.41 1.36 1.31 1.26 1.20 1.16 1.13 1.12 1.11 1.11 1.16 1.25 1.33 1.40 1.47 1.57 1.70 1.87 2.07 2.24 2.34
2.13 2.08 1.99 1.96 2.01 2.16 2.35 2.50 2.56 2.58 2.67 2.87 3.12 3.26 3.21 3.10 3.08 3.21 3.42 3.62 3.78 3.88 3.89 3.78 3.59 3.33 3.07 2.85 2.65 2.50 2.44 2.36 2.17 1.97 1.86 1.80 1.74 1.68 1.63 1.55 1.47 1.43 1.44 1.48 1.53 1.59 1.64 1.66 1.67 1.68 1.68 1.68 1.69 1.70 1.72 1.72 1.70 1.67 1.64 1.59 1.55 1.51 1.47 1.43 1.36 1.30 1.25 1.21 1.17 1.13 1.10 1.08 1.11 1.18 1.29 1.36 1.42 1.50 1.61 1.74 1.90 2.06 2.18 2.28
2.13 2.08 2.02 2.02 2.08 2.24 2.44 2.60 2.67 2.70 2.79 2.99 3.24 3.36 3.31 3.23 3.27 3.47 3.70 3.88 4.00 4.03 3.95 3.72 3.41 3.08 2.82 2.62 2.45 2.34 2.28 2.17 1.98 1.81 1.74 1.70 1.65 1.60 1.55 1.48 1.40 1.35 1.37 1.39 1.43 1.47 1.49 1.49 1.48 1.48 1.49 1.49 1.50 1.53 1.56 1.57 1.57 1.56 1.56 1.54 1.51 1.48 1.45 1.40 1.34 1.29 1.24 1.19 1.15 1.11 1.07 1.06 1.08 1.17 1.27 1.35 1.41 1.50 1.62 1.76 1.91 2.05 2.16 2.29
2.07 2.04 2.02 2.05 2.12 2.29 2.51 2.68 2.74 2.77 2.85 3.07 3.32 3.45 3.42 3.41 3.54 3.78 4.00 4.10 4.10 4.01 3.75 3.36 2.93 2.60 2.40 2.27 2.17 2.12 2.09 1.97 1.80 1.68 1.63 1.60 1.56 1.53 1.50 1.43 1.35 1.30 1.30 1.31 1.33 1.33 1.32 1.30 1.28 1.28 1.30 1.32 1.35 1.38 1.42 1.44 1.44 1.45 1.47 1.48 1.46 1.44 1.41 1.36 1.31 1.26 1.21 1.17 1.12 1.07 1.03 1.01 1.03 1.11 1.22 1.29 1.37 1.49 1.63 1.78 1.94 2.06 2.18 2.34
2.04 2.03 2.04 2.09 2.17 2.36 2.59 2.76 2.81 2.83 2.92 3.14 3.41 3.55 3.57 3.64 3.85 4.11 4.24 4.19 4.03 3.77 3.36 2.86 2.46 2.24 2.13 2.06 2.01 2.00 1.97 1.84 1.68 1.57 1.54 1.52 1.49 1.48 1.46 1.41 1.31 1.24 1.22 1.23 1.22 1.20 1.18 1.15 1.13 1.14 1.17 1.20 1.23 1.26 1.30 1.33 1.33 1.35 1.39 1.41 1.40 1.38 1.35 1.32 1.28 1.23 1.18 1.13 1.08 1.02 0.97 0.95 0.98 1.06 1.17 1.26 1.36 1.50 1.66 1.82 1.97 2.09 2.21 2.38
2.05 2.06 2.10 2.17 2.26 2.45 2.67 2.83 2.87 2.90 3.02 3.25 3.53 3.68 3.74 3.86 4.10 4.28 4.24 3.99 3.65 3.27 2.81 2.40 2.16 2.06 2.03 1.99 1.97 1.96 1.92 1.78 1.62 1.53 1.51 1.50 1.48 1.47 1.46 1.40 1.29 1.21 1.18 1.17 1.16 1.13 1.11 1.09 1.09 1.10 1.12 1.13 1.15 1.17 1.20 1.21 1.21 1.22 1.26 1.28 1.28 1.26 1.24 1.21 1.19 1.15 1.10 1.06 1.02 0.96 0.92 0.93 0.98 1.08 1.20 1.30 1.41 1.56 1.72 1.87 2.01 2.11 2.22 2.40
2.07 2.10 2.18 2.26 2.36 2.55 2.76 2.90 2.95 3.01 3.17 3.42 3.69 3.84 3.90 4.01 4.15 4.15 3.92 3.53 3.12 2.73 2.37 2.12 2.01 1.99 2.00 1.99 1.97 1.96 1.90 1.76 1.62 1.56 1.54 1.53 1.51 1.50 1.46 1.39 1.27 1.18 1.14 1.12 1.11 1.08 1.07 1.08 1.09 1.09 1.08 1.08 1.09 1.10 1.10 1.10 1.08 1.09 1.12 1.14 1.14 1.11 1.09 1.08 1.07 1.04 1.00 0.96 0.94 0.90 0.88 0.93 1.03 1.18 1.31 1.39 1.49 1.63 1.77 1.91 2.03 2.12 2.23 2.41
2.11 2.15 2.24 2.34 2.47 2.66 2.86 2.98 3.04 3.15 3.36 3.64 3.87 3.96 3.97 4.00 3.98 3.79 3.46 3.09 2.74 2.41 2.17 2.03 1.98 1.97 1.98 1.97 1.95 1.93 1.86 1.72 1.61 1.56 1.54 1.53 1.51 1.48 1.43 1.36 1.24 1.15 1.11 1.09 1.07 1.05 1.06 1.07 1.08 1.07 1.05 1.04 1.03 1.02 1.00 0.97 0.95 0.95 0.98 0.99 0.99 0.97 0.95 0.95 0.95 0.93 0.88 0.86 0.84 0.81 0.83 0.92 1.08 1.26 1.38 1.44 1.53 1.67 1.80 1.93 2.04 2.13 2.23 2.42
2.17 2.21 2.31 2.44 2.58 2.77 2.93 3.02 3.10 3.27 3.52 3.78 3.94 3.95 3.89 3.83 3.68 3.41 3.10 2.82 2.54 2.28 2.12 2.03 1.98 1.95 1.94 1.91 1.87 1.84 1.76 1.63 1.52 1.47 1.46 1.45 1.44 1.42 1.38 1.32 1.23 1.15 1.11 1.10 1.09 1.08 1.09 1.11 1.11 1.07 1.02 0.98 0.94 0.90 0.85 0.82 0.79 0.79 0.80 0.81 0.81 0.79 0.79 0.80 0.82 0.80 0.76 0.74 0.73 0.71 0.74 0.87 1.06 1.21 1.29 1.35 1.48 1.67 1.82 1.95 2.07 2.17 2.28 2.48
2.24 2.28 2.41 2.55 2.69 2.84 2.95 3.03 3.15 3.37 3.63 3.81 3.88 3.82 3.72 3.62 3.43 3.13 2.86 2.63 2.38 2.17 2.06 2.01 1.95 1.90 1.86 1.81 1.77 1.73 1.65 1.52 1.41 1.36 1.35 1.35 1.35 1.36 1.36 1.32 1.25 1.19 1.16 1.15 1.15 1.14 1.15 1.15 1.12 1.04 0.95 0.87 0.80 0.74 0.68 0.64 0.61 0.61 0.62 0.63 0.63 0.62 0.63 0.65 0.68 0.66 0.62 0.60 0.60 0.59 0.65 0.80 0.96 1.06 1.11 1.21 1.43 1.68 1.87 2.01 2.14 2.25 2.37 2.56
2.33 2.38 2.51 2.64 2.76 2.86 2.93 3.02 3.20 3.46 3.67 3.76 3.73 3.63 3.54 3.44 3.25 2.95 2.69 2.46 2.23 2.07 2.02 1.99 1.92 1.84 1.77 1.71 1.66 1.62 1.54 1.42 1.32 1.27 1.25 1.26 1.30 1.34 1.35 1.31 1.25 1.21 1.19 1.18 1.17 1.16 1.15 1.12 1.05 0.94 0.82 0.73 0.65 0.58 0.52 0.48 0.46 0.46 0.47 0.48 0.49 0.50 0.53 0.56 0.57 0.56 0.51 0.49 0.49 0.49 0.58 0.75 0.89 0.96 1.00 1.16 1.45 1.76 1.95 2.10 2.23 2.34 2.46 2.63
2.43 2.46 2.56 2.65 2.72 2.79 2.86 2.98 3.20 3.47 3.63 3.62 3.52 3.42 3.36 3.30 3.11 2.82 2.55 2.33 2.15 2.06 2.04 1.99 1.88 1.77 1.68 1.61 1.55 1.50 1.42 1.32 1.22 1.17 1.17 1.22 1.29 1.34 1.34 1.28 1.21 1.16 1.14 1.12 1.11 1.09 1.06 1.01 0.91 0.79 0.68 0.60 0.53 0.47 0.42 0.39 0.36 0.36 0.36 0.37 0.40 0.44 0.49 0.53 0.53 0.51 0.47 0.46 0.47 0.50 0.60 0.78 0.91 0.97 1.04 1.23 1.56 1.86 2.04 2.18 2.30 2.39 2.51 2.67
2.48 2.49 2.54 2.58 2.61 2.68 2.76 2.90 3.13 3.39 3.52 3.44 3.30 3.20 3.19 3.16 3.01 2.72 2.45 2.25 2.14 2.10 2.05 1.92 1.75 1.63 1.54 1.46 1.41 1.37 1.31 1.22 1.13 1.10 1.12 1.20 1.30 1.33 1.29 1.21 1.13 1.07 1.04 1.02 0.99 0.97 0.92 0.86 0.74 0.61 0.51 0.45 0.41 0.36 0.31 0.28 0.26 0.25 0.26 0.28 0.32 0.38 0.44 0.48 0.49 0.48 0.47 0.47 0.50 0.54 0.66 0.84 0.96 1.03 1.12 1.34 1.67 1.96 2.13 2.24 2.35 2.43 2.53 2.68
2.52 2.51 2.51 2.51 2.53 2.60 2.70 2.83 3.05 3.31 3.43 3.32 3.15 3.06 3.07 3.09 2.95 2.67 2.40 2.24 2.18 2.16 2.06 1.84 1.63 1.51 1.44 1.38 1.34 1.32 1.28 1.21 1.14 1.12 1.16 1.26 1.35 1.35 1.28 1.19 1.10 1.04 1.00 0.96 0.93 0.90 0.84 0.75 0.63 0.49 0.39 0.35 0.32 0.27 0.24 0.21 0.20 0.20 0.21 0.24 0.27 0.32 0.38 0.40 0.41 0.43 0.45 0.47 0.50 0.58 0.73 0.91 1.03 1.10 1.20 1.43 1.78 2.07 2.22 2.32 2.41 2.48 2.57 2.71
2.55 2.52 2.50 2.51 2.56 2.65 2.76 2.88 3.09 3.33 3.44 3.35 3.18 3.09 3.10 3.11 3.00 2.74 2.48 2.33 2.29 2.26 2.11 1.86 1.66 1.57 1.53 1.48 1.46 1.45 1.43 1.38 1.33 1.31 1.35 1.43 1.49 1.46 1.37 1.30 1.22 1.15 1.09 1.05 1.00 0.95 0.88 0.78 0.66 0.54 0.46 0.43 0.39 0.34 0.30 0.26 0.25 0.24 0.24 0.25 0.27 0.30 0.34 0.34 0.34 0.38 0.42 0.48 0.54 0.66 0.84 1.02 1.14 1.23 1.36 1.60 1.94 2.22 2.36 2.45 2.51 2.56 2.64 2.78
2.56 2.55 2.56 2.61 2.69 2.80 2.90 3.02 3.21 3.44 3.56 3.48 3.33 3.24 3.23 3.22 3.10 2.87 2.63 2.48 2.42 2.36 2.20 1.97 1.81 1.77 1.76 1.75 1.75 1.75 1.73 1.70 1.66 1.64 1.65 1.68 1.69 1.64 1.56 1.49 1.42 1.35 1.29 1.22 1.16 1.09 1.01 0.91 0.81 0.73 0.68 0.62 0.54 0.46 0.41 0.36 0.33 0.31 0.29 0.28 0.28 0.29 0.29 0.26 0.26 0.30 0.38 0.48 0.61 0.78 0.97 1.17 1.30 1.41 1.56 1.81 2.14 2.42 2.55 2.61 2.63 2.65 2.72 2.86
2.62 2.62 2.66 2.73 2.83 2.93 3.02 3.14 3.33 3.56 3.68 3.59 3.43 3.33 3.30 3.28 3.15 2.91 2.68 2.53 2.45 2.38 2.22 2.03 1.92 1.90 1.92 1.92 1.93 1.94 1.92 1.88 1.84 1.83 1.82 1.82 1.79 1.72 1.63 1.56 1.49 1.42 1.35 1.28 1.21 1.14 1.06 0.98 0.90 0.84 0.79 0.71 0.60 0.50 0.43 0.38 0.36 0.34 0.32 0.31 0.29 0.28 0.25 0.20 0.22 0.30 0.42 0.57 0.73 0.92 1.12 1.32 1.48 1.61 1.77 2.02 2.35 2.63 2.76 2.75 2.70 2.69 2.78 2.94
2.70 2.70 2.75 2.82 2.91 2.99 3.05 3.15 3.35 3.60 3.70 3.56 3.34 3.21 3.20 3.19 3.05 2.78 2.53 2.39 2.33 2.27 2.12 1.94 1.84 1.83 1.84 1.85 1.86 1.87 1.84 1.80 1.75 1.73 1.73 1.72 1.67 1.58 1.48 1.39 1.30 1.23 1.17 1.11 1.06 0.99 0.93 0.85 0.78 0.71 0.64 0.55 0.46 0.40 0.36 0.34 0.34 0.34 0.33 0.32 0.30 0.28 0.26 0.29 0.38 0.49 0.62 0.76 0.92 1.09 1.30 1.51 1.68 1.82 1.99 2.23 2.56 2.84 2.92 2.83 2.72 2.71 2.84 3.04
2.80 2.80 2.83 2.89 2.94 2.99 3.03 3.11 3.32 3.58 3.65 3.42 3.13 3.02 3.06 3.08 2.93 2.63 2.36 2.22 2.19 2.14 2.00 1.81 1.68 1.65 1.65 1.67 1.71 1.73 1.70 1.64 1.59 1.56 1.56 1.55 1.48 1.37 1.25 1.15 1.06 0.99 0.94 0.90 0.86 0.81 0.74 0.67 0.60 0.52 0.44 0.37 0.34 0.32 0.32 0.31 0.32 0.31 0.28 0.27 0.28 0.31 0.38 0.49 0.62 0.74 0.86 0.98 1.12 1.28 1.49 1.72 1.90 2.06 2.23 2.47 2.78 3.01 3.01 2.84 2.72 2.76 2.96 3.17
2.94 2.91 2.90 2.93 2.96 2.99 3.01 3.10 3.31 3.55 3.56 3.29 3.01 2.95 3.04 3.06 2.87 2.53 2.25 2.12 2.10 2.05 1.90 1.69 1.55 1.51 1.54 1.63 1.72 1.74 1.67 1.58 1.50 1.44 1.42 1.39 1.31 1.18 1.06 0.96 0.88 0.83 0.79 0.75 0.70 0.65 0.59 0.52 0.45 0.39 0.36 0.36 0.38 0.38 0.37 0.34 0.31 0.25 0.19 0.19 0.28 0.40 0.55 0.69 0.82 0.94 1.06 1.18 1.30 1.47 1.68 1.93 2.14 2.30 2.48 2.71 2.98 3.12 3.04 2.86 2.77 2.88 3.10 3.26
3.06 2.99 2.93 2.95 2.97 2.99 3.03 3.13 3.32 3.51 3.48 3.24 3.04 3.03 3.09 3.04 2.80 2.44 2.16 2.04 2.02 1.97 1.81 1.62 1.51 1.49 1.57 1.72 1.83 1.78 1.65 1.51 1.41 1.32 1.27 1.23 1.14 1.01 0.90 0.81 0.74 0.69 0.65 0.60 0.54 0.48 0.42 0.36 0.31 0.31 0.36 0.43 0.46 0.45 0.40 0.32 0.25 0.18 0.18 0.27 0.39 0.54 0.70 0.84 0.97 1.09 1.22 1.34 1.47 1.64 1.88 2.15 2.38 2.55 2.72 2.92 3.13 3.20 3.08 2.91 2.87 3.00 3.19 3.27
3.14 3.06 2.98 2.99 3.01 3.04 3.08 3.17 3.33 3.48 3.45 3.27 3.13 3.10 3.07 2.93 2.66 2.32 2.06 1.96 1.94 1.90 1.78 1.63 1.55 1.57 1.69 1.84 1.87 1.73 1.54 1.41 1.29 1.19 1.13 1.08 1.00 0.88 0.77 0.68 0.61 0.56 0.51 0.46 0.40 0.33 0.29 0.28 0.29 0.34 0.41 0.47 0.48 0.43 0.35 0.28 0.24 0.26 0.33 0.43 0.55 0.70 0.85 0.98 1.11 1.23 1.36 1.49 1.62 1.81 2.09 2.40 2.64 2.81 2.96 3.13 3.27 3.28 3.15 3.01 2.98 3.08 3.20 3.22
3.25 3.16 3.06 3.04 3.05 3.08 3.12 3.19 3.32 3.44 3.43 3.28 3.15 3.04 2.91 2.73 2.49 2.19 1.97 1.89 1.90 1.87 1.77 1.66 1.62 1.66 1.77 1.84 1.77 1.56 1.39 1.29 1.18 1.07 0.99 0.94 0.88 0.77 0.67 0.58 0.50 0.43 0.38 0.33 0.27 0.25 0.28 0.33 0.38 0.42 0.46 0.46 0.41 0.33 0.25 0.24 0.30 0.38 0.47 0.57 0.71 0.86 1.01 1.13 1.25 1.38 1.51 1.64 1.79 2.01 2.33 2.67 2.91 3.05 3.18 3.30 3.37 3.32 3.17 3.03 3.00 3.07 3.14 3.12
3.36 3.25 3.11 3.07 3.06 3.07 3.09 3.15 3.27 3.39 3.39 3.23 3.05 2.88 2.71 2.55 2.35 2.09 1.90 1.84 1.86 1.85 1.76 1.67 1.64 1.67 1.74 1.74 1.59 1.39 1.27 1.19 1.07 0.94 0.86 0.82 0.77 0.68 0.58 0.49 0.40 0.32 0.25 0.18 0.19 0.28 0.37 0.43 0.46 0.47 0.45 0.39 0.30 0.20 0.20 0.29 0.40 0.50 0.60 0.72 0.87 1.02 1.16 1.27 1.39 1.53 1.68 1.82 2.00 2.26 2.60 2.95 3.15 3.24 3.31 3.36 3.36 3.26 3.08 2.93 2.89 2.94 2.98 2.96
3.47 3.32 3.14 3.07 3.03 3.03 3.05 3.11 3.23 3.34 3.32 3.13 2.91 2.72 2.56 2.43 2.25 2.01 1.83 1.80 1.83 1.82 1.75 1.66 1.61 1.62 1.65 1.61 1.44 1.27 1.17 1.08 0.93 0.79 0.72 0.70 0.67 0.60 0.51 0.41 0.32 0.22 0.14 0.17 0.28 0.38 0.45 0.49 0.48 0.45 0.38 0.29 0.19 0.17 0.28 0.40 0.52 0.63 0.74 0.87 1.02 1.17 1.30 1.41 1.55 1.71 1.87 2.04 2.25 2.55 2.91 3.21 3.35 3.37 3.36 3.34 3.28 3.15 2.95 2.79 2.73 2.76 2.80 2.80
3.57 3.39 3.13 3.04 3.00 3.00 3.03 3.10 3.21 3.29 3.22 3.00 2.78 2.60 2.46 2.35 2.19 1.95 1.78 1.76 1.80 1.79 1.72 1.63 1.56 1.54 1.54 1.47 1.31 1.17 1.08 0.97 0.80 0.66 0.60 0.60 0.60 0.53 0.41 0.30 0.22 0.19 0.25 0.36 0.43 0.46 0.47 0.46 0.42 0.34 0.25 0.16 0.17 0.28 0.42 0.55 0.67 0.78 0.90 1.04 1.19 1.33 1.45 1.58 1.73 1.90 2.07 2.26 2.51 2.83 3.16 3.38 3.43 3.36 3.29 3.22 3.13 2.98 2.78 2.62 2.56 2.58 2.62 2.65
3.63 3.37 3.07 3.00 2.98 2.99 3.04 3.11 3.18 3.22 3.11 2.88 2.66 2.50 2.39 2.30 2.15 1.91 1.75 1.74 1.78 1.77 1.69 1.58 1.48 1.43 1.40 1.33 1.20 1.09 1.03 0.90 0.72 0.59 0.52 0.52 0.52 0.41 0.25 0.16 0.21 0.31 0.42 0.51 0.53 0.47 0.40 0.33 0.26 0.19 0.13 0.18 0.31 0.46 0.61 0.74 0.86 0.99 1.12 1.26 1.41 1.54 1.65 1.78 1.92 2.08 2.26 2.46 2.72 3.02 3.27 3.39 3.34 3.19 3.07 2.98 2.88 2.74 2.56 2.41 2.34 2.37 2.45 2.51
3.61 3.33 3.03 2.99 2.98 3.01 3.06 3.11 3.14 3.12 2.99 2.76 2.56 2.42 2.33 2.25 2.10 1.88 1.74 1.74 1.78 1.75 1.65 1.51 1.38 1.30 1.27 1.22 1.13 1.06 0.99 0.83 0.65 0.52 0.45 0.43 0.40 0.24 0.05 0.17 0.30 0.41 0.49 0.54 0.51 0.41 0.29 0.21 0.17 0.18 0.23 0.34 0.48 0.65 0.81 0.94 1.07 1.21 1.34 1.49 1.63 1.75 1.85 1.97 2.11 2.27 2.44 2.65 2.89 3.11 3.27 3.31 3.18 2.98 2.82 2.73 2.65 2.52 2.36 2.21 2.14 2.20 2.31 2.40
3.54 3.32 3.03 2.98 3.00 3.02 3.06 3.09 3.07 3.00 2.86 2.65 2.48 2.36 2.28 2.20 2.06 1.89 1.80 1.81 1.82 1.75 1.61 1.44 1.28 1.20 1.17 1.14 1.09 1.04 0.94 0.75 0.56 0.44 0.36 0.30 0.24 0.06 0.14 0.28 0.37 0.44 0.48 0.49 0.41 0.29 0.19 0.15 0.18 0.24 0.32 0.42 0.58 0.77 0.93 1.06 1.18 1.31 1.45 1.60 1.73 1.83 1.93 2.05 2.20 2.37 2.55 2.76 2.97 3.12 3.22 3.22 3.07 2.86 2.71 2.61 2.54 2.42 2.28 2.14 2.08 2.14 2.26 2.37
3.46 3.19 2.95 2.96 2.99 3.01 3.04 3.04 2.98 2.87 2.72 2.55 2.41 2.31 2.23 2.15 2.04 1.94 1.92 1.93 1.86 1.72 1.55 1.35 1.18 1.09 1.08 1.08 1.05 0.99 0.87 0.65 0.46 0.37 0.27 0.18 0.08 0.12 0.28 0.37 0.40 0.42 0.44 0.40 0.31 0.19 0.09 0.09 0.15 0.21 0.29 0.40 0.58 0.77 0.93 1.04 1.15 1.27 1.40 1.53 1.65 1.74 1.85 1.99 2.17 2.36 2.56 2.78 2.97 3.10 3.18 3.18 3.06 2.88 2.74 2.65 2.57 2.47 2.34 2.21 2.15 2.19 2.30 2.40
3.19 3.01 2.86 2.94 2.98 2.99 3.01 2.99 2.90 2.76 2.62 2.49 2.38 2.29 2.21 2.13 2.06 2.04 2.07 2.03 1.85 1.63 1.45 1.25 1.06 0.99 1.00 1.03 1.01 0.94 0.78 0.54 0.37 0.29 0.21 0.10 0.07 0.24 0.38 0.44 0.43 0.42 0.39 0.33 0.23 0.12 0.03 0.07 0.13 0.18 0.26 0.39 0.58 0.78 0.93 1.02 1.11 1.22 1.33 1.45 1.56 1.66 1.77 1.94 2.15 2.36 2.58 2.81 3.01 3.13 3.21 3.23 3.11 2.95 2.81 2.72 2.64 2.55 2.43 2.31 2.24 2.26 2.36 2.45
2.99 2.93 2.90 2.97 3.03 3.03 3.03 2.99 2.88 2.73 2.60 2.49 2.40 2.32 2.23 2.16 2.13 2.16 2.20 2.09 1.82 1.57 1.38 1.18 0.99 0.92 0.96 1.01 0.99 0.87 0.67 0.42 0.28 0.23 0.17 0.12 0.20 0.34 0.44 0.48 0.45 0.40 0.34 0.24 0.14 0.09 0.12 0.15 0.18 0.22 0.31 0.46 0.66 0.86 1.00 1.08 1.17 1.26 1.38 1.50 1.61 1.71 1.84 2.03 2.24 2.46 2.68 2.92 3.12 3.23 3.29 3.27 3.13 2.93 2.78 2.68 2.60 2.52 2.40 2.29 2.22 2.25 2.35 2.43
