WindNinja-Server/Data/job/23becdaadf7c4ec2993497261e63d813/wncli/results/20171026T1800_ang.asc
ncols	108
nrows	170
xllcorner	726299.000000
yllcorner	5208948.000000
cellsize	29.150477
NODATA_value	-32768.000000
[rows 0 to 41 of 170, columns 0 to 93 of 108]
157 156 150 141 139 134 130 128 122 118 113 105 99 91 81 80 87 106 113 116 117 112 104 107 110 112 115 117 117 117 116 114 119 123 126 130 131 131 138 144 148 151 152 152 152 153 153 153 155 156 156 157 157 158 157 157 159 159 159 159 158 157 157 157 156 157 157 156 157 157 157 157 156 156 155 153 151 151 151 151 151 150 149 149 147 149 153 156 157 162 165 163 163 163
157 156 150 141 139 134 130 128 122 118 113 105 99 91 81 80 87 106 113 116 117 112 104 107 110 112 115 117 117 117 116 114 119 123 126 130 131 131 138 144 148 151 152 152 152 153 153 153 155 156 156 157 157 158 157 157 159 159 159 159 158 157 157 157 156 157 157 156 157 157 157 157 156 156 155 153 151 151 151 151 151 150 149 149 147 149 153 156 157 162 165 163 163 163
162 162 157 148 145 141 137 135 131 126 122 118 111 105 100 98 101 106 112 118 121 121 116 112 113 116 118 120 121 121 122 122 123 127 130 133 136 137 138 142 147 151 153 153 153 154 154 153 155 156 156 157 157 158 157 157 158 159 159 159 158 158 158 157 157 157 157 157 157 157 157 157 157 157 157 155 153 153 153 152 153 153 152 153 151 148 151 154 156 161 166 165 164 164
167 168 166 159 154 151 147 145 142 138 136 134 130 129 126 123 121 120 121 124 130 134 132 125 122 124 126 128 130 131 133 133 132 133 136 139 142 142 140 141 145 150 153 153 154 154 154 154 155 156 157 158 158 159 158 157 158 160 160 160 160 159 159 159 158 158 158 158 158 158 159 159 159 160 160 158 156 155 155 155 155 156 156 156 153 149 149 151 153 158 165 168 167 165
171 171 170 164 160 157 155 151 148 145 143 141 141 139 136 133 132 132 131 133 138 142 141 135 130 130 132 134 136 138 140 140 139 139 140 143 144 143 141 141 144 149 152 153 153 154 154 154 155 156 157 158 159 159 159 158 159 160 161 161 160 160 160 160 160 159 159 159 159 160 160 161 161 162 162 160 157 156 155 156 156 156 157 156 153 150 149 150 152 157 164 169 169 166
175 175 171 167 164 163 160 156 152 149 147 146 146 144 141 138 136 135 135 137 142 146 144 139 134 133 135 137 139 142 143 143 142 142 143 145 145 144 141 141 144 148 151 152 153 154 154 154 155 156 157 158 159 159 159 159 159 160 160 160 160 160 160 160 160 159 160 160 160 161 161 162 162 163 162 160 158 156 155 155 156 155 155 155 152 149 149 150 152 156 164 169 169 166
180 179 174 169 168 167 164 158 154 152 150 149 148 146 142 138 135 134 133 135 140 145 144 140 136 135 137 139 141 143 145 145 144 143 144 146 146 144 143 143 145 149 151 152 153 153 154 154 154 156 157 158 158 158 158 158 159 159 158 158 158 158 158 158 158 158 158 159 159 160 161 162 162 163 162 160 157 155 154 154 154 153 153 151 149 146 146 148 150 155 163 168 167 164
187 185 179 174 172 170 165 159 156 153 151 150 149 146 142 137 133 131 130 131 136 142 143 139 136 137 139 140 142 144 145 146 145 145 145 146 146 145 143 144 146 149 151 152 153 153 153 154 154 156 157 157 158 158 158 158 158 158 157 156 156 156 156 156 156 157 157 157 158 159 160 161 161 162 161 159 156 154 153 153 152 151 150 149 146 143 143 144 147 152 161 167 166 162
196 193 187 181 177 173 166 160 157 155 153 151 150 147 142 137 134 132 131 132 137 142 143 140 138 138 139 141 142 144 145 145 144 145 145 146 145 144 143 144 147 149 151 151 152 153 153 154 154 155 157 157 158 158 158 158 158 157 156 154 154 154 155 155 155 155 156 156 156 157 158 159 160 160 160 158 155 153 151 151 150 149 148 147 144 141 140 141 144 150 160 166 166 162
205 202 194 188 182 176 168 161 158 156 155 153 152 149 145 141 138 138 138 140 143 146 146 142 139 139 140 141 142 143 144 143 143 143 144 143 143 143 143 145 147 149 150 151 152 152 153 153 154 155 156 157 157 157 157 157 157 156 154 153 152 153 153 153 153 154 154 154 154 155 156 157 157 158 158 156 153 150 149 149 148 147 147 145 142 139 138 139 141 148 159 166 166 162
212 208 201 194 186 178 170 163 159 157 156 154 154 152 148 144 142 143 144 146 148 150 148 144 141 140 141 142 142 143 143 142 141 141 141 141 141 142 143 145 147 149 149 150 151 152 153 153 154 155 156 157 157 157 157 157 156 155 153 151 151 151 151 151 151 152 152 152 151 152 153 154 155 155 155 153 150 148 147 147 146 145 145 143 140 137 136 137 140 146 157 165 166 162
218 215 208 199 190 180 171 164 160 158 156 155 155 154 151 147 145 146 147 148 150 152 150 146 142 141 142 143 143 143 143 142 141 141 140 139 139 141 144 146 148 149 149 150 151 152 153 153 154 155 156 156 156 156 156 156 156 154 152 150 149 149 149 149 149 150 150 149 149 149 150 151 151 152 152 150 147 144 144 144 143 143 142 141 138 135 134 136 139 146 156 164 164 161
224 221 212 203 193 182 171 164 161 159 157 156 157 156 154 150 148 148 149 150 152 152 151 147 143 143 143 144 144 144 144 143 142 142 141 139 139 141 144 147 148 148 149 150 151 153 153 154 154 155 155 156 155 155 155 155 154 153 150 148 146 146 146 146 147 148 147 146 145 145 146 147 147 148 148 145 142 141 140 140 140 140 139 137 135 132 131 134 140 147 157 163 163 160
228 224 217 209 198 183 170 163 160 158 157 157 158 158 155 152 150 150 150 151 153 153 152 148 145 144 145 145 145 145 145 144 143 142 141 140 140 142 146 148 149 149 148 150 152 153 154 155 155 156 156 155 154 154 153 153 153 151 148 145 143 143 143 143 144 145 144 142 141 141 142 143 143 143 142 140 138 137 137 137 137 136 135 134 131 129 129 133 140 148 157 162 162 159
230 227 220 214 201 183 170 163 159 157 157 158 159 158 155 152 150 150 151 152 153 154 153 150 147 146 147 147 147 147 146 145 143 141 141 140 140 143 147 150 150 149 148 150 152 154 156 157 158 158 157 155 154 153 152 152 152 149 146 142 140 140 140 140 142 143 142 140 138 139 141 142 142 141 140 138 137 137 137 137 136 135 134 133 130 128 128 133 141 149 155 160 160 157
230 228 223 215 200 182 170 164 160 157 157 158 159 158 154 151 149 150 151 152 154 155 154 152 150 150 150 149 149 148 147 146 143 141 140 140 141 143 148 151 150 149 148 150 153 156 157 159 160 160 158 156 153 152 151 151 150 148 144 140 138 138 138 138 140 141 140 138 137 138 141 143 144 143 142 141 140 140 139 139 138 137 136 134 131 129 129 135 142 149 154 157 157 154
238 234 225 210 194 180 171 166 161 159 158 159 159 158 154 150 149 149 151 152 153 155 154 153 152 152 152 151 150 149 148 146 144 141 141 141 142 144 148 151 150 148 148 150 154 158 160 163 164 162 159 155 153 151 150 150 149 146 142 138 136 136 136 137 138 140 139 137 136 137 140 143 144 144 144 143 143 142 142 141 140 139 138 135 132 130 131 136 143 149 152 154 154 151
248 242 221 202 187 178 172 167 163 161 160 160 161 159 155 151 150 150 151 152 153 154 154 153 153 154 153 151 150 149 147 145 143 141 141 142 142 145 149 151 150 148 147 150 155 161 164 167 169 166 161 157 154 153 153 152 152 149 144 140 138 139 139 140 142 143 142 140 139 140 142 144 144 143 143 143 143 143 142 141 140 139 138 136 133 131 132 138 145 150 152 154 153 151
234 235 210 193 184 177 173 169 166 163 162 162 162 160 157 153 151 152 152 153 153 153 153 152 153 154 153 151 149 148 146 144 142 140 140 141 142 145 148 150 148 146 146 150 157 163 167 171 172 168 162 159 158 158 158 158 158 155 150 146 144 144 145 147 148 150 149 146 144 145 146 146 144 142 142 142 142 142 141 140 139 139 138 136 134 132 134 140 148 152 153 155 154 152
221 216 201 189 183 178 174 171 167 165 163 163 163 161 157 153 152 152 153 153 153 153 152 152 153 154 153 150 149 148 146 144 141 139 140 142 143 145 147 148 146 144 145 150 158 165 169 172 172 167 161 159 159 160 161 162 162 159 155 150 148 149 150 151 153 154 153 151 149 148 149 147 145 143 142 142 142 141 140 139 139 139 138 137 135 134 136 142 150 153 154 155 155 153
215 210 200 191 184 179 175 171 167 164 162 162 161 159 155 152 150 151 151 152 152 152 152 153 154 154 151 149 148 148 147 145 143 141 142 145 147 149 151 151 149 148 149 155 163 169 172 172 171 165 159 156 157 160 162 163 163 161 157 153 151 152 153 154 156 157 157 154 153 152 152 150 148 146 145 144 144 143 143 142 141 141 141 140 138 136 138 144 151 153 154 155 154 152
214 211 204 195 187 180 174 169 165 161 159 158 157 155 151 148 147 148 149 150 151 151 152 153 154 153 150 147 147 147 147 146 145 144 146 150 153 156 158 158 156 156 158 163 170 174 175 174 171 164 157 154 155 158 160 161 161 160 157 153 153 154 156 157 158 160 159 158 156 156 156 154 153 151 150 149 148 148 147 146 145 145 145 144 142 140 141 146 151 153 153 153 152 150
222 220 212 201 190 181 173 167 161 157 155 154 153 151 148 145 145 146 148 149 150 150 151 153 154 153 149 147 146 147 148 148 147 147 150 154 158 161 162 163 163 164 166 171 177 179 179 176 171 163 156 153 154 157 159 159 159 158 155 153 153 155 157 158 160 160 160 159 159 159 159 157 156 154 153 152 152 151 150 149 149 149 149 148 146 144 145 149 153 153 152 151 150 148
231 225 212 201 190 180 172 166 160 157 154 153 153 151 148 146 146 147 148 149 150 151 152 154 154 153 149 146 146 146 147 148 148 148 152 157 160 163 165 166 168 170 174 178 183 184 182 178 172 163 156 154 156 159 160 160 159 157 154 153 153 155 157 158 160 160 159 159 159 160 160 158 157 156 155 154 153 152 152 151 151 152 152 151 150 148 148 152 154 154 152 151 149 147
225 221 209 197 187 178 172 166 161 158 156 155 154 152 150 148 148 149 150 151 152 153 153 154 155 153 150 146 146 146 147 148 148 148 152 157 161 163 166 168 171 175 180 185 189 188 184 179 171 163 157 155 157 161 162 161 160 157 155 153 154 156 157 159 160 160 159 159 160 160 160 159 158 157 157 156 155 154 154 153 153 154 154 154 153 151 152 155 157 155 153 151 149 146
223 219 206 193 185 177 171 166 162 158 157 156 155 153 151 150 150 151 151 152 153 153 154 155 155 153 149 146 146 147 148 148 148 149 153 158 162 164 167 171 175 181 187 192 193 190 184 177 170 162 156 154 157 160 161 160 159 157 154 153 154 155 157 159 159 159 159 159 160 160 159 158 157 157 157 156 156 156 156 156 156 156 157 157 156 155 157 159 160 158 155 152 149 146
224 216 202 191 182 176 170 165 161 158 157 156 154 153 151 150 151 151 152 152 153 153 153 154 153 152 148 146 145 146 148 149 149 150 154 159 164 167 170 174 179 185 192 196 195 189 182 175 168 161 155 153 155 158 159 158 156 155 153 152 153 154 156 158 158 159 159 159 159 158 157 156 155 155 155 155 155 155 156 156 157 158 159 159 159 159 161 163 163 161 157 154 151 148
216 210 198 188 180 173 168 164 161 159 157 156 155 153 152 151 152 152 153 153 153 153 153 153 153 151 148 145 145 146 148 149 150 151 156 161 166 170 173 178 183 190 195 195 191 185 178 172 166 159 154 152 154 157 157 155 154 153 151 151 151 153 155 156 157 158 158 158 158 157 155 153 153 153 153 153 153 154 155 156 157 158 160 160 161 162 164 166 166 164 161 158 154 151
211 206 194 184 176 170 166 163 161 159 157 156 155 154 152 152 152 152 153 153 153 153 153 153 152 150 147 145 145 146 148 150 151 153 158 164 169 173 178 184 189 193 194 190 185 180 175 170 164 157 152 151 153 155 155 153 152 151 150 150 151 153 155 156 156 157 157 157 157 156 154 152 152 151 151 151 152 153 155 156 157 159 160 161 162 164 166 169 169 168 165 162 157 154
209 201 189 180 173 167 163 161 159 158 157 156 155 154 153 152 152 152 152 152 152 152 152 151 150 149 146 144 144 146 148 150 152 155 161 168 173 178 184 190 194 194 190 182 177 175 171 166 160 154 150 149 151 154 153 151 150 149 148 148 150 152 154 155 156 156 156 156 156 154 152 150 150 149 149 150 151 152 154 155 157 159 161 162 163 165 168 170 170 170 168 165 161 157
200 194 184 176 169 164 161 159 158 158 157 157 156 155 154 153 153 152 152 152 152 151 151 150 149 147 145 143 144 146 148 150 153 158 166 173 179 184 190 196 196 191 183 175 171 169 166 161 156 151 148 147 150 152 152 150 148 147 147 147 149 151 153 155 155 155 155 155 155 153 151 148 148 147 147 148 149 151 152 154 157 159 161 162 164 166 168 170 171 171 170 167 164 161
190 187 180 173 166 162 159 157 156 157 157 157 157 156 155 154 154 153 153 153 152 151 151 150 148 147 145 144 144 145 147 150 155 164 174 183 190 194 198 198 192 184 176 169 165 163 160 156 153 149 146 146 148 150 150 148 146 146 146 146 148 150 152 153 154 154 154 155 154 152 150 147 146 145 145 146 147 149 151 153 156 158 160 162 164 166 168 169 170 170 169 168 166 164
182 180 175 169 163 159 156 154 154 155 156 156 156 155 155 154 154 153 153 153 152 151 150 149 148 147 145 145 145 145 146 149 158 172 186 194 198 198 196 190 182 175 170 166 164 161 157 153 150 147 145 145 147 149 148 147 145 144 144 144 146 148 150 151 151 152 152 153 153 151 148 145 144 143 143 144 145 147 149 152 155 157 159 162 164 166 167 167 168 168 167 167 166 164
175 173 169 164 159 157 155 153 154 155 156 156 155 154 153 153 153 153 153 153 152 151 150 149 148 147 146 145 145 145 145 148 161 184 198 200 196 191 186 181 175 170 167 165 163 161 157 152 149 147 144 144 146 147 147 145 144 143 142 143 143 145 147 148 148 149 149 150 150 149 146 143 141 140 140 141 142 144 146 149 152 155 158 160 162 164 165 165 165 166 165 164 164 163
167 167 164 159 156 154 153 153 154 155 156 155 154 153 152 152 152 152 153 153 153 152 151 150 149 148 147 147 147 146 146 151 170 194 200 190 183 179 176 172 169 166 164 162 161 159 155 151 148 145 143 143 145 147 146 145 143 143 142 143 144 145 147 148 149 149 150 151 151 150 146 143 141 140 139 140 142 144 146 150 153 156 158 161 162 163 164 164 165 165 164 163 162 162
161 161 158 154 151 150 150 150 152 155 155 154 153 152 151 151 151 152 153 154 154 153 153 152 151 150 149 149 149 149 152 162 182 194 184 172 169 167 166 164 162 160 159 158 157 154 151 148 145 143 141 141 143 145 146 145 144 144 145 146 147 150 152 153 154 154 155 156 156 155 151 148 147 146 145 146 148 150 152 156 159 161 163 164 165 165 165 165 166 167 166 163 161 161
156 155 153 149 147 146 146 147 150 153 154 153 151 150 149 148 149 150 153 154 155 155 155 154 154 153 153 152 152 152 157 169 184 186 173 164 162 161 160 157 155 154 152 152 151 150 147 144 142 141 139 140 142 144 145 145 145 146 148 149 151 154 156 158 158 159 160 160 161 159 156 154 153 152 151 152 154 156 158 161 164 166 167 167 167 166 166 167 168 169 168 165 163 163
152 152 149 146 144 144 144 146 149 152 153 152 151 149 148 147 147 150 153 156 158 158 158 158 158 159 159 158 156 156 161 169 175 174 165 160 159 158 156 153 151 150 149 149 148 147 144 142 140 139 138 139 141 143 144 145 145 147 149 151 153 156 158 159 160 160 161 162 162 161 158 156 155 155 155 156 157 159 161 164 167 168 169 169 168 167 166 167 169 170 169 167 165 165
148 148 147 144 143 144 145 146 150 153 155 155 153 153 152 150 150 152 156 160 161 161 162 163 166 168 169 166 163 162 165 167 168 166 161 158 158 158 156 153 151 150 150 149 149 147 145 142 140 139 138 138 140 142 143 144 145 146 148 150 152 155 157 158 159 159 160 160 161 159 157 155 154 154 154 156 157 159 161 164 167 169 169 169 168 166 165 167 170 173 171 168 167 167
144 145 144 143 143 144 146 148 152 156 158 158 157 157 157 156 156 158 162 165 166 166 167 169 174 177 174 169 164 163 164 165 165 162 159 158 158 158 155 153 152 151 151 150 150 148 145 143 141 139 138 139 140 141 143 144 145 146 148 149 151 153 155 156 157 157 158 158 159 158 155 153 153 153 153 154 155 156 159 163 167 169 170 170 169 167 167 170 175 178 174 169 167 165
139 140 142 141 142 144 147 150 154 157 159 159 159 160 161 161 162 166 170 172 172 172 174 177 182 181 174 166 162 162 162 163 162 161 159 159 159 157 154 152 152 152 151 151 150 148 145 142 140 139 138 139 140 141 142 144 145 147 148 149 151 153 155 156 156 156 157 158 158 157 154 152 152 152 152 153 153 154 157 163 168 170 171 171 171 171 173 178 184 184 178 170 165 163
133 136 139 139 140 143 146 150 154 157 158 158 159 160 162 163 167 173 179 180 179 180 181 183 184 180 171 164 162 162 162 162 161 161 161 161 161 158 154 152 151 151 151 150 150 148 145 142 140 138 138 138 138 139 140 142 145 147 148 149 151 153 156 156 156 157 157 158 158 157 154 152 152 152 152 153 153 153 157 163 169 172 174 176 177 178 183 188 191 188 178 169 163 160
