WindNinja-Server/data/job/23becdaadf7c4ec2993497261e63d813/wncli/results/20171026T1700_vel.asc
ncols	108
nrows	170
xllcorner	726299.000000
yllcorner	5208948.000000
cellsize	29.150477
NODATA_value	-32768.000000
[rows 76 to 113 of 170, columns 0 to 83 of 108]
2.14 1.97 1.80 1.81 1.86 1.93 2.00 2.11 2.21 2.30 2.37 2.42 2.46 2.49 2.51 2.51 2.55 2.68 2.88 3.08 3.24 3.38 3.52 3.72 3.83 3.58 3.03 2.61 2.39 2.29 2.36 2.62 2.90 2.89 2.52 2.11 1.95 1.99 2.10 2.16 2.07 1.85 1.69 1.70 1.84 1.98 2.02 1.98 1.99 2.03 2.04 1.98 1.90 1.84 1.79 1.77 1.74 1.66 1.58 1.54 1.51 1.49 1.46 1.45 1.45 1.44 1.40 1.37 1.32 1.27 1.28 1.36 1.52 1.73 1.91 1.95 1.96 2.01 2.11 2.18 2.13 1.96 1.75 1.54
2.21 2.08 1.94 1.93 1.99 2.06 2.16 2.27 2.37 2.44 2.48 2.52 2.56 2.59 2.60 2.60 2.65 2.78 2.98 3.15 3.27 3.37 3.49 3.68 3.76 3.47 2.89 2.50 2.38 2.39 2.51 2.71 2.87 2.80 2.46 2.10 1.96 2.01 2.13 2.18 2.04 1.79 1.64 1.72 1.94 2.10 2.11 2.04 2.02 2.05 2.02 1.93 1.84 1.78 1.74 1.73 1.70 1.62 1.55 1.52 1.50 1.47 1.45 1.45 1.46 1.43 1.37 1.29 1.22 1.15 1.18 1.31 1.53 1.77 1.94 1.96 1.94 1.97 2.03 2.04 1.94 1.73 1.51 1.32
2.06 2.02 2.00 2.03 2.10 2.20 2.31 2.42 2.49 2.53 2.57 2.60 2.63 2.65 2.66 2.67 2.72 2.85 3.04 3.19 3.28 3.35 3.46 3.63 3.69 3.37 2.79 2.45 2.40 2.47 2.59 2.71 2.78 2.72 2.44 2.13 2.00 2.04 2.17 2.20 2.03 1.77 1.65 1.77 2.03 2.20 2.16 2.07 2.06 2.07 2.01 1.90 1.81 1.75 1.71 1.70 1.66 1.58 1.49 1.44 1.40 1.35 1.32 1.33 1.35 1.34 1.28 1.21 1.14 1.09 1.15 1.33 1.58 1.82 1.95 1.91 1.86 1.86 1.87 1.84 1.70 1.48 1.27 1.11
1.91 1.92 2.00 2.11 2.21 2.32 2.43 2.52 2.56 2.57 2.59 2.62 2.65 2.67 2.68 2.70 2.76 2.89 3.07 3.20 3.27 3.32 3.42 3.58 3.63 3.30 2.73 2.43 2.42 2.52 2.61 2.68 2.72 2.69 2.46 2.19 2.06 2.11 2.23 2.25 2.08 1.84 1.74 1.88 2.14 2.29 2.22 2.11 2.09 2.08 1.98 1.86 1.79 1.74 1.71 1.68 1.62 1.51 1.38 1.29 1.19 1.08 1.03 1.04 1.10 1.14 1.14 1.11 1.08 1.09 1.21 1.43 1.67 1.85 1.90 1.80 1.71 1.66 1.62 1.53 1.38 1.18 1.02 0.90
1.86 1.92 2.05 2.18 2.32 2.45 2.55 2.60 2.59 2.58 2.59 2.63 2.66 2.69 2.70 2.73 2.79 2.92 3.08 3.19 3.24 3.30 3.39 3.54 3.57 3.24 2.70 2.44 2.46 2.56 2.64 2.68 2.71 2.69 2.50 2.24 2.13 2.18 2.30 2.32 2.16 1.95 1.86 1.99 2.24 2.35 2.26 2.13 2.08 2.03 1.92 1.82 1.77 1.73 1.69 1.64 1.54 1.39 1.23 1.08 0.94 0.82 0.76 0.78 0.85 0.93 0.97 0.99 1.02 1.11 1.30 1.54 1.74 1.83 1.80 1.66 1.52 1.43 1.33 1.21 1.06 0.91 0.79 0.72
1.78 1.88 2.06 2.21 2.35 2.48 2.56 2.57 2.54 2.53 2.56 2.61 2.65 2.68 2.70 2.73 2.80 2.93 3.07 3.17 3.22 3.28 3.39 3.52 3.52 3.20 2.72 2.51 2.55 2.66 2.71 2.72 2.73 2.71 2.52 2.28 2.18 2.24 2.36 2.38 2.24 2.04 1.96 2.08 2.30 2.39 2.27 2.12 2.04 1.96 1.84 1.75 1.70 1.63 1.55 1.46 1.33 1.15 1.00 0.87 0.75 0.68 0.67 0.68 0.73 0.81 0.85 0.90 0.97 1.11 1.32 1.55 1.67 1.69 1.61 1.45 1.30 1.18 1.08 0.96 0.85 0.76 0.69 0.66
1.72 1.82 2.01 2.15 2.27 2.37 2.41 2.40 2.38 2.42 2.49 2.56 2.61 2.64 2.67 2.70 2.77 2.89 3.03 3.13 3.19 3.28 3.40 3.52 3.50 3.21 2.83 2.68 2.73 2.81 2.82 2.79 2.78 2.73 2.52 2.28 2.21 2.29 2.43 2.44 2.31 2.14 2.07 2.17 2.35 2.42 2.28 2.11 1.99 1.87 1.72 1.60 1.49 1.36 1.22 1.11 0.98 0.84 0.74 0.68 0.64 0.65 0.67 0.69 0.72 0.78 0.82 0.87 0.95 1.07 1.25 1.42 1.47 1.44 1.33 1.18 1.04 0.93 0.86 0.80 0.74 0.71 0.70 0.72
1.74 1.82 1.97 2.08 2.17 2.22 2.22 2.21 2.25 2.34 2.44 2.52 2.57 2.60 2.63 2.66 2.73 2.85 2.99 3.10 3.19 3.31 3.44 3.54 3.50 3.25 2.95 2.84 2.87 2.90 2.88 2.84 2.80 2.70 2.48 2.26 2.23 2.36 2.51 2.51 2.38 2.23 2.18 2.26 2.40 2.42 2.27 2.07 1.90 1.72 1.53 1.36 1.21 1.05 0.91 0.82 0.72 0.63 0.58 0.57 0.59 0.64 0.69 0.71 0.74 0.79 0.84 0.89 0.96 1.04 1.16 1.27 1.28 1.20 1.09 0.95 0.83 0.75 0.71 0.69 0.69 0.70 0.74 0.80
1.74 1.79 1.90 1.99 2.05 2.09 2.09 2.11 2.19 2.30 2.41 2.47 2.52 2.55 2.57 2.60 2.67 2.80 2.95 3.07 3.18 3.33 3.45 3.53 3.47 3.21 2.92 2.80 2.80 2.80 2.77 2.72 2.67 2.55 2.35 2.20 2.27 2.45 2.58 2.54 2.38 2.25 2.21 2.27 2.37 2.36 2.17 1.95 1.75 1.54 1.33 1.16 1.03 0.91 0.83 0.77 0.71 0.66 0.64 0.64 0.66 0.71 0.76 0.78 0.80 0.84 0.89 0.95 1.01 1.09 1.17 1.24 1.22 1.14 1.03 0.91 0.81 0.74 0.71 0.71 0.72 0.76 0.82 0.89
1.69 1.72 1.80 1.88 1.94 1.98 2.01 2.06 2.16 2.27 2.36 2.41 2.44 2.47 2.48 2.51 2.58 2.71 2.88 3.02 3.16 3.32 3.42 3.46 3.36 3.08 2.75 2.59 2.56 2.54 2.51 2.48 2.44 2.34 2.21 2.19 2.34 2.53 2.60 2.51 2.32 2.20 2.16 2.21 2.28 2.23 2.01 1.77 1.55 1.36 1.19 1.09 1.03 0.99 0.97 0.95 0.93 0.91 0.90 0.89 0.87 0.89 0.90 0.90 0.90 0.93 0.97 1.04 1.12 1.21 1.30 1.36 1.33 1.25 1.15 1.04 0.94 0.87 0.83 0.82 0.83 0.87 0.92 0.99
1.68 1.68 1.73 1.80 1.86 1.92 1.97 2.03 2.13 2.24 2.32 2.36 2.38 2.41 2.42 2.43 2.50 2.64 2.82 2.98 3.14 3.30 3.37 3.36 3.25 2.95 2.61 2.43 2.38 2.35 2.32 2.30 2.27 2.22 2.19 2.26 2.43 2.57 2.56 2.42 2.23 2.10 2.07 2.10 2.15 2.08 1.84 1.58 1.38 1.21 1.10 1.09 1.12 1.15 1.17 1.18 1.18 1.17 1.15 1.11 1.07 1.05 1.04 1.02 1.00 1.01 1.06 1.14 1.24 1.35 1.45 1.49 1.45 1.36 1.26 1.15 1.06 0.99 0.94 0.92 0.93 0.96 1.02 1.08
1.68 1.69 1.73 1.80 1.87 1.93 1.99 2.05 2.15 2.26 2.34 2.38 2.40 2.42 2.43 2.44 2.51 2.65 2.84 3.00 3.16 3.30 3.35 3.31 3.20 2.92 2.59 2.41 2.36 2.33 2.31 2.30 2.29 2.28 2.29 2.38 2.49 2.52 2.42 2.25 2.05 1.92 1.88 1.92 1.97 1.88 1.63 1.39 1.22 1.11 1.09 1.15 1.22 1.26 1.28 1.28 1.26 1.24 1.20 1.14 1.10 1.09 1.08 1.06 1.04 1.06 1.12 1.20 1.30 1.40 1.47 1.46 1.37 1.28 1.19 1.10 1.04 1.00 0.98 0.99 1.02 1.07 1.13 1.21
1.70 1.72 1.78 1.86 1.93 2.00 2.06 2.13 2.23 2.35 2.43 2.47 2.50 2.51 2.52 2.53 2.59 2.73 2.92 3.08 3.23 3.35 3.37 3.32 3.20 2.95 2.65 2.48 2.44 2.43 2.42 2.43 2.44 2.44 2.44 2.47 2.48 2.39 2.22 2.01 1.81 1.67 1.62 1.67 1.74 1.66 1.42 1.21 1.11 1.09 1.14 1.24 1.30 1.30 1.27 1.24 1.19 1.14 1.08 1.02 0.99 1.01 1.03 1.03 1.06 1.11 1.18 1.25 1.32 1.35 1.33 1.25 1.14 1.04 0.97 0.93 0.91 0.93 0.98 1.06 1.14 1.21 1.29 1.38
1.73 1.76 1.83 1.92 2.00 2.07 2.13 2.21 2.32 2.45 2.53 2.57 2.59 2.60 2.60 2.62 2.68 2.82 3.00 3.17 3.30 3.39 3.38 3.30 3.17 2.92 2.65 2.50 2.47 2.46 2.48 2.50 2.50 2.47 2.44 2.41 2.33 2.15 1.94 1.74 1.57 1.43 1.39 1.45 1.55 1.49 1.26 1.09 1.05 1.10 1.20 1.29 1.30 1.26 1.20 1.15 1.09 1.03 0.96 0.91 0.90 0.92 0.96 0.99 1.06 1.14 1.22 1.28 1.28 1.24 1.15 1.04 0.93 0.84 0.80 0.79 0.83 0.91 1.03 1.16 1.28 1.36 1.45 1.55
1.75 1.79 1.87 1.97 2.05 2.12 2.18 2.25 2.36 2.49 2.56 2.60 2.60 2.60 2.60 2.61 2.67 2.82 3.02 3.18 3.29 3.36 3.31 3.20 3.04 2.76 2.49 2.35 2.31 2.31 2.33 2.32 2.27 2.18 2.12 2.09 1.98 1.78 1.62 1.49 1.36 1.24 1.21 1.29 1.41 1.37 1.16 1.02 1.02 1.10 1.19 1.24 1.22 1.17 1.13 1.08 1.03 0.97 0.92 0.88 0.88 0.90 0.94 0.99 1.06 1.14 1.20 1.22 1.19 1.11 1.02 0.94 0.87 0.82 0.81 0.84 0.91 1.01 1.15 1.28 1.37 1.45 1.56 1.69
1.78 1.82 1.91 2.01 2.08 2.15 2.19 2.26 2.35 2.47 2.54 2.55 2.54 2.53 2.52 2.53 2.59 2.76 2.97 3.13 3.22 3.25 3.18 3.04 2.85 2.55 2.25 2.10 2.07 2.07 2.06 1.98 1.84 1.73 1.71 1.73 1.67 1.52 1.40 1.31 1.18 1.06 1.02 1.14 1.29 1.28 1.10 0.97 0.97 1.04 1.11 1.13 1.11 1.07 1.05 1.02 0.98 0.94 0.90 0.88 0.89 0.92 0.97 1.02 1.07 1.11 1.12 1.10 1.05 0.98 0.93 0.90 0.89 0.90 0.94 1.00 1.08 1.18 1.29 1.37 1.43 1.52 1.66 1.82
1.83 1.87 1.96 2.05 2.11 2.16 2.20 2.24 2.33 2.43 2.50 2.50 2.48 2.46 2.45 2.47 2.54 2.71 2.93 3.06 3.13 3.14 3.05 2.88 2.66 2.35 2.05 1.92 1.91 1.90 1.82 1.67 1.52 1.46 1.52 1.62 1.61 1.49 1.36 1.24 1.07 0.91 0.87 1.02 1.22 1.23 1.07 0.93 0.93 1.00 1.07 1.09 1.06 1.03 1.00 0.98 0.94 0.91 0.88 0.88 0.91 0.95 1.00 1.05 1.08 1.08 1.06 1.02 0.96 0.92 0.91 0.92 0.96 1.02 1.09 1.18 1.27 1.35 1.41 1.45 1.50 1.61 1.79 1.96
1.87 1.90 1.98 2.06 2.12 2.15 2.18 2.22 2.30 2.41 2.48 2.49 2.46 2.44 2.44 2.46 2.54 2.71 2.90 3.00 3.04 3.03 2.91 2.71 2.47 2.18 1.95 1.86 1.84 1.77 1.62 1.46 1.36 1.37 1.48 1.62 1.66 1.55 1.40 1.24 1.03 0.84 0.81 0.99 1.22 1.26 1.11 0.98 0.98 1.07 1.15 1.17 1.12 1.04 0.99 0.96 0.93 0.91 0.89 0.91 0.94 0.98 1.03 1.07 1.09 1.08 1.07 1.04 1.02 1.01 1.04 1.09 1.15 1.23 1.32 1.40 1.48 1.53 1.57 1.59 1.65 1.77 1.93 2.08
1.90 1.93 2.00 2.07 2.10 2.13 2.15 2.19 2.28 2.40 2.48 2.49 2.45 2.44 2.45 2.49 2.58 2.73 2.88 2.94 2.93 2.88 2.73 2.50 2.27 2.05 1.91 1.85 1.78 1.61 1.41 1.30 1.30 1.36 1.50 1.67 1.73 1.61 1.42 1.21 0.98 0.78 0.77 0.99 1.25 1.32 1.21 1.10 1.11 1.20 1.27 1.27 1.17 1.04 0.95 0.90 0.88 0.89 0.91 0.94 0.98 1.01 1.04 1.06 1.08 1.09 1.11 1.13 1.16 1.22 1.28 1.37 1.46 1.54 1.62 1.68 1.73 1.76 1.78 1.81 1.86 1.95 2.07 2.18
1.96 1.98 2.02 2.07 2.10 2.12 2.13 2.18 2.28 2.41 2.48 2.48 2.45 2.45 2.47 2.53 2.62 2.75 2.84 2.83 2.78 2.70 2.53 2.29 2.11 1.98 1.92 1.87 1.71 1.45 1.24 1.23 1.31 1.43 1.59 1.76 1.82 1.68 1.43 1.18 0.92 0.73 0.77 1.04 1.35 1.45 1.36 1.27 1.27 1.33 1.39 1.36 1.21 1.03 0.91 0.87 0.88 0.93 0.98 1.02 1.06 1.08 1.09 1.10 1.11 1.14 1.19 1.26 1.34 1.44 1.54 1.66 1.76 1.84 1.89 1.92 1.94 1.95 1.96 1.98 2.01 2.07 2.16 2.25
2.01 2.01 2.03 2.07 2.09 2.11 2.12 2.17 2.28 2.40 2.47 2.47 2.46 2.47 2.50 2.55 2.63 2.71 2.73 2.67 2.59 2.50 2.34 2.16 2.04 1.98 1.96 1.92 1.72 1.43 1.22 1.25 1.41 1.58 1.74 1.91 1.98 1.84 1.55 1.27 1.04 0.90 0.96 1.27 1.58 1.69 1.60 1.49 1.45 1.48 1.51 1.46 1.31 1.12 1.02 1.00 1.07 1.14 1.18 1.19 1.20 1.21 1.23 1.25 1.28 1.32 1.39 1.47 1.56 1.67 1.78 1.90 1.97 2.02 2.04 2.04 2.03 2.03 2.03 2.03 2.05 2.10 2.19 2.28
2.04 2.03 2.06 2.11 2.11 2.11 2.11 2.15 2.26 2.40 2.48 2.49 2.49 2.50 2.53 2.55 2.58 2.58 2.55 2.47 2.41 2.35 2.23 2.12 2.06 2.04 2.03 1.99 1.81 1.53 1.36 1.43 1.63 1.82 1.98 2.13 2.20 2.06 1.78 1.51 1.37 1.33 1.42 1.67 1.92 1.98 1.86 1.71 1.64 1.65 1.68 1.62 1.48 1.32 1.26 1.29 1.39 1.46 1.44 1.40 1.39 1.40 1.44 1.49 1.54 1.60 1.67 1.75 1.84 1.96 2.06 2.13 2.16 2.14 2.12 2.09 2.07 2.06 2.04 2.03 2.04 2.10 2.20 2.30
2.10 2.11 2.13 2.14 2.11 2.07 2.07 2.12 2.25 2.39 2.49 2.51 2.50 2.50 2.50 2.49 2.46 2.41 2.36 2.32 2.29 2.26 2.19 2.13 2.11 2.10 2.10 2.07 1.92 1.69 1.57 1.69 1.90 2.09 2.22 2.35 2.41 2.28 2.02 1.81 1.75 1.79 1.90 2.05 2.18 2.18 2.02 1.86 1.79 1.80 1.81 1.74 1.62 1.51 1.49 1.55 1.65 1.68 1.61 1.54 1.52 1.55 1.60 1.67 1.73 1.80 1.86 1.94 2.04 2.16 2.24 2.25 2.21 2.15 2.10 2.07 2.04 2.03 2.01 2.00 2.01 2.07 2.19 2.31
2.17 2.16 2.14 2.09 2.02 1.97 2.00 2.10 2.24 2.39 2.48 2.48 2.43 2.39 2.37 2.33 2.29 2.25 2.25 2.25 2.25 2.24 2.20 2.17 2.17 2.16 2.17 2.18 2.08 1.92 1.87 1.99 2.19 2.34 2.43 2.53 2.57 2.41 2.16 1.99 1.96 2.01 2.08 2.17 2.23 2.19 2.03 1.90 1.85 1.85 1.83 1.75 1.64 1.57 1.58 1.64 1.71 1.71 1.63 1.57 1.55 1.57 1.62 1.67 1.73 1.80 1.85 1.91 2.00 2.10 2.12 2.05 1.97 1.91 1.89 1.87 1.86 1.85 1.85 1.86 1.90 2.00 2.15 2.29
2.20 2.16 2.10 2.00 1.89 1.88 1.97 2.10 2.24 2.37 2.43 2.38 2.28 2.21 2.17 2.14 2.13 2.16 2.20 2.23 2.23 2.22 2.21 2.22 2.24 2.26 2.30 2.34 2.31 2.23 2.23 2.34 2.48 2.58 2.63 2.70 2.70 2.52 2.27 2.11 2.07 2.09 2.13 2.18 2.21 2.15 2.01 1.89 1.85 1.84 1.80 1.71 1.62 1.58 1.58 1.63 1.68 1.65 1.58 1.53 1.50 1.51 1.54 1.58 1.63 1.69 1.74 1.79 1.84 1.86 1.80 1.68 1.60 1.59 1.60 1.61 1.62 1.63 1.66 1.70 1.77 1.92 2.11 2.27
2.23 2.18 2.06 1.91 1.82 1.85 1.98 2.12 2.24 2.33 2.35 2.26 2.14 2.07 2.05 2.05 2.08 2.15 2.22 2.23 2.22 2.23 2.25 2.30 2.35 2.40 2.47 2.53 2.53 2.51 2.54 2.61 2.70 2.75 2.77 2.81 2.77 2.56 2.31 2.18 2.14 2.15 2.16 2.18 2.18 2.12 1.97 1.85 1.81 1.80 1.76 1.68 1.62 1.58 1.58 1.62 1.66 1.62 1.54 1.49 1.48 1.49 1.52 1.56 1.61 1.66 1.70 1.74 1.74 1.69 1.58 1.47 1.42 1.43 1.44 1.45 1.47 1.51 1.56 1.62 1.71 1.89 2.11 2.28
2.25 2.17 2.03 1.90 1.83 1.89 2.01 2.13 2.23 2.29 2.29 2.21 2.13 2.10 2.11 2.14 2.19 2.25 2.28 2.26 2.26 2.30 2.36 2.42 2.49 2.55 2.62 2.68 2.67 2.63 2.63 2.66 2.72 2.75 2.76 2.78 2.70 2.47 2.25 2.15 2.13 2.13 2.13 2.13 2.12 2.03 1.88 1.76 1.73 1.73 1.72 1.67 1.60 1.56 1.55 1.59 1.63 1.59 1.53 1.51 1.53 1.57 1.63 1.69 1.74 1.79 1.82 1.84 1.81 1.73 1.62 1.53 1.48 1.45 1.43 1.42 1.45 1.50 1.56 1.62 1.71 1.90 2.14 2.31
2.24 2.15 2.02 1.92 1.87 1.93 2.04 2.14 2.21 2.27 2.28 2.24 2.21 2.23 2.26 2.30 2.33 2.36 2.34 2.33 2.36 2.44 2.51 2.57 2.63 2.67 2.73 2.77 2.74 2.67 2.63 2.65 2.68 2.71 2.71 2.71 2.61 2.38 2.18 2.10 2.08 2.09 2.08 2.07 2.03 1.93 1.75 1.63 1.63 1.67 1.69 1.65 1.58 1.52 1.51 1.55 1.59 1.56 1.51 1.53 1.60 1.71 1.82 1.90 1.97 2.01 2.04 2.03 1.98 1.89 1.77 1.66 1.56 1.47 1.41 1.41 1.45 1.51 1.58 1.64 1.74 1.93 2.17 2.35
2.25 2.18 2.05 1.94 1.91 1.96 2.07 2.15 2.22 2.28 2.31 2.30 2.30 2.33 2.36 2.39 2.40 2.40 2.38 2.39 2.47 2.57 2.64 2.68 2.72 2.75 2.80 2.84 2.81 2.73 2.68 2.67 2.69 2.70 2.69 2.67 2.56 2.32 2.13 2.06 2.05 2.05 2.03 2.01 1.96 1.82 1.64 1.56 1.61 1.69 1.70 1.63 1.54 1.47 1.46 1.51 1.56 1.54 1.49 1.53 1.65 1.81 1.94 2.03 2.09 2.12 2.13 2.09 2.01 1.91 1.79 1.67 1.54 1.44 1.40 1.43 1.50 1.57 1.64 1.71 1.80 1.99 2.24 2.40
2.27 2.20 2.08 1.98 1.95 2.01 2.10 2.18 2.24 2.30 2.34 2.34 2.34 2.36 2.37 2.39 2.39 2.39 2.39 2.44 2.55 2.65 2.70 2.74 2.77 2.80 2.86 2.92 2.89 2.81 2.75 2.72 2.72 2.70 2.67 2.62 2.49 2.25 2.07 2.00 1.99 1.98 1.96 1.93 1.87 1.75 1.64 1.63 1.71 1.77 1.71 1.59 1.48 1.41 1.41 1.47 1.53 1.52 1.50 1.55 1.68 1.82 1.91 1.96 1.99 2.00 1.96 1.88 1.77 1.68 1.62 1.57 1.52 1.50 1.54 1.62 1.70 1.77 1.83 1.88 1.96 2.12 2.33 2.46
2.30 2.23 2.12 2.03 1.99 2.05 2.14 2.21 2.27 2.33 2.37 2.36 2.35 2.35 2.35 2.35 2.36 2.38 2.40 2.47 2.59 2.70 2.75 2.79 2.83 2.88 2.96 3.03 3.00 2.92 2.84 2.79 2.75 2.70 2.63 2.55 2.42 2.19 2.02 1.94 1.92 1.91 1.89 1.86 1.81 1.75 1.72 1.79 1.86 1.83 1.68 1.52 1.40 1.34 1.34 1.42 1.50 1.51 1.49 1.55 1.66 1.77 1.81 1.83 1.83 1.80 1.70 1.57 1.46 1.41 1.42 1.47 1.55 1.66 1.79 1.89 1.97 2.02 2.05 2.08 2.13 2.25 2.41 2.51
2.35 2.28 2.15 2.05 2.02 2.08 2.17 2.23 2.28 2.34 2.38 2.37 2.34 2.33 2.33 2.34 2.36 2.39 2.43 2.51 2.63 2.75 2.83 2.87 2.92 2.98 3.08 3.14 3.10 2.99 2.88 2.81 2.75 2.67 2.57 2.50 2.39 2.19 2.02 1.94 1.91 1.90 1.89 1.88 1.85 1.83 1.86 1.93 1.94 1.83 1.64 1.48 1.38 1.32 1.33 1.42 1.53 1.55 1.54 1.58 1.68 1.76 1.77 1.78 1.76 1.67 1.54 1.42 1.34 1.34 1.39 1.49 1.65 1.83 1.98 2.08 2.13 2.16 2.17 2.17 2.20 2.29 2.43 2.52
2.39 2.30 2.15 2.05 2.02 2.08 2.17 2.23 2.28 2.34 2.37 2.35 2.32 2.31 2.32 2.35 2.39 2.43 2.48 2.57 2.70 2.83 2.91 2.97 3.02 3.09 3.19 3.24 3.16 3.00 2.86 2.77 2.69 2.61 2.53 2.48 2.41 2.25 2.09 2.02 2.01 2.02 2.04 2.03 2.02 2.01 2.02 2.03 1.97 1.82 1.66 1.55 1.47 1.43 1.44 1.53 1.65 1.69 1.69 1.72 1.80 1.84 1.83 1.80 1.74 1.63 1.53 1.47 1.46 1.50 1.56 1.65 1.79 1.94 2.05 2.10 2.12 2.13 2.12 2.11 2.13 2.22 2.37 2.48
2.42 2.31 2.16 2.05 2.01 2.07 2.16 2.24 2.29 2.34 2.35 2.32 2.29 2.30 2.33 2.38 2.43 2.48 2.54 2.64 2.78 2.91 3.00 3.06 3.13 3.21 3.30 3.32 3.20 2.99 2.83 2.73 2.66 2.59 2.54 2.52 2.47 2.32 2.19 2.15 2.17 2.22 2.26 2.26 2.23 2.19 2.15 2.10 1.99 1.84 1.72 1.65 1.60 1.57 1.59 1.69 1.81 1.87 1.88 1.91 1.94 1.93 1.87 1.81 1.72 1.62 1.57 1.58 1.63 1.70 1.76 1.83 1.92 2.01 2.05 2.05 2.04 2.03 2.01 2.00 2.02 2.12 2.27 2.40
2.45 2.35 2.17 2.04 2.00 2.06 2.16 2.24 2.30 2.32 2.30 2.27 2.26 2.30 2.36 2.42 2.47 2.53 2.60 2.71 2.85 2.99 3.08 3.15 3.24 3.33 3.40 3.38 3.20 2.95 2.78 2.69 2.64 2.59 2.56 2.56 2.50 2.37 2.27 2.27 2.34 2.41 2.45 2.44 2.41 2.35 2.28 2.20 2.08 1.92 1.82 1.77 1.73 1.71 1.73 1.82 1.95 2.01 2.01 2.00 1.98 1.93 1.85 1.78 1.69 1.61 1.59 1.63 1.70 1.76 1.81 1.85 1.91 1.96 1.97 1.94 1.91 1.89 1.87 1.85 1.87 1.99 2.16 2.31
2.48 2.36 2.16 2.03 1.98 2.04 2.15 2.23 2.27 2.26 2.22 2.20 2.25 2.33 2.40 2.46 2.52 2.58 2.66 2.77 2.92 3.05 3.14 3.23 3.33 3.41 3.45 3.38 3.14 2.88 2.71 2.64 2.61 2.59 2.58 2.57 2.51 2.39 2.33 2.37 2.47 2.55 2.59 2.61 2.60 2.56 2.48 2.39 2.26 2.12 2.02 1.96 1.92 1.88 1.88 1.95 2.05 2.09 2.05 1.98 1.92 1.86 1.79 1.74 1.67 1.61 1.59 1.60 1.63 1.66 1.68 1.70 1.73 1.76 1.77 1.73 1.70 1.68 1.66 1.64 1.68 1.83 2.05 2.22
2.47 2.34 2.14 2.01 1.95 2.02 2.13 2.20 2.21 2.17 2.14 2.17 2.27 2.38 2.46 2.52 2.57 2.64 2.72 2.83 2.97 3.10 3.20 3.31 3.41 3.47 3.47 3.35 3.08 2.80 2.65 2.61 2.61 2.60 2.60 2.58 2.51 2.41 2.39 2.47 2.58 2.68 2.74 2.77 2.78 2.75 2.68 2.58 2.46 2.34 2.25 2.17 2.09 2.04 2.02 2.06 2.12 2.13 2.03 1.92 1.83 1.77 1.73 1.69 1.64 1.57 1.54 1.53 1.52 1.51 1.50 1.50 1.51 1.53 1.53 1.51 1.49 1.48 1.46 1.45 1.50 1.69 1.96 2.16
2.48 2.35 2.14 1.98 1.93 1.99 2.10 2.17 2.16 2.12 2.12 2.19 2.33 2.46 2.52 2.57 2.63 2.69 2.77 2.87 3.01 3.15 3.27 3.38 3.47 3.50 3.45 3.29 3.00 2.72 2.58 2.56 2.57 2.57 2.56 2.54 2.46 2.39 2.41 2.52 2.64 2.72 2.75 2.74 2.70 2.64 2.56 2.47 2.38 2.30 2.23 2.17 2.10 2.06 2.04 2.07 2.12 2.09 1.98 1.86 1.78 1.72 1.68 1.65 1.59 1.52 1.47 1.44 1.41 1.38 1.35 1.33 1.33 1.35 1.35 1.35 1.34 1.34 1.33 1.33 1.41 1.62 1.91 2.14
